id: 2
T_world_origin: 
  0.875481 -0.0694031   0.478244   0.418576
  0.062641   0.997582  0.0300984  0.0551919
 -0.479176  0.0036071   0.877711 0.00375731
         0          0          0          1
T_origin_endpoint_L: 
   0.999883   0.0152107  0.00135929  -0.0869949
  -0.015197    0.999839 -0.00958534 -0.00100988
-0.00150487  0.00956356    0.999953  -0.0492125
          0           0           0           1
T_origin_endpoint_R: 
   0.960207   -0.278722   -0.017801  0.00273589
    0.27806    0.948062    0.154467   0.0716804
 -0.0261769    -0.15327    0.987838 -0.00039141
          0           0           0           1
T_lidar_imu: 
     1      0      0  0.006
     0      1      0 -0.012
     0      0      1  0.008
     0      0      0      1
imu_bias:  0.00473433 0.000313097 -0.00850458 -0.00509562 -0.00114151  0.00146717
frame_id: 2
num_frames: 44
frame_0
id: 3446
stamp: 1777955679.939580202
T_odom_lidar: 
    0.875716   -0.0518704     0.480032      0.30733
   0.0479851      0.99864    0.0203706    0.0581679
   -0.480436   0.00519546     0.877015 -0.000425824
           0            0            0            1
T_world_lidar: 
    0.875716   -0.0518704     0.480032      0.30733
   0.0479851      0.99864    0.0203706    0.0581679
   -0.480436   0.00519546     0.877015 -0.000425824
           0            0            0            1
v_world_imu:    0.276834   0.0243685 0.000442279
frame_1
id: 3447
stamp: 1777955680.038459301
T_odom_lidar: 
    0.874639   -0.0566947     0.481448     0.333658
   0.0519296     0.998381    0.0232284    0.0602394
   -0.481985   0.00468493     0.876167 -0.000282221
           0            0            0            1
T_world_lidar: 
    0.874639   -0.0566947     0.481448     0.333658
   0.0519296     0.998381    0.0232284    0.0602394
   -0.481985   0.00468493     0.876167 -0.000282221
           0            0            0            1
v_world_imu:    0.224056   0.0209512 0.000728006
frame_2
id: 3448
stamp: 1777955680.138384581
T_odom_lidar: 
     0.87583   -0.0560177     0.479357     0.349074
   0.0511185     0.998421    0.0232773    0.0619249
   -0.479904   0.00411708     0.877311 -0.000236475
           0            0            0            1
T_world_lidar: 
     0.87583   -0.0560177     0.479357     0.349074
   0.0511185     0.998421    0.0232773    0.0619249
   -0.479904   0.00411708     0.877311 -0.000236475
           0            0            0            1
v_world_imu:   0.130394 0.00750398 0.00329013
frame_3
id: 3449
stamp: 1777955680.238522768
T_odom_lidar: 
    0.875441   -0.0574152     0.479902     0.360154
   0.0523099     0.998342     0.024017    0.0628288
   -0.480486   0.00407814     0.876993 -0.000281025
           0            0            0            1
T_world_lidar: 
    0.875441   -0.0574152     0.479902     0.360154
   0.0523099     0.998342     0.024017    0.0628288
   -0.480486   0.00407814     0.876993 -0.000281025
           0            0            0            1
v_world_imu:  0.0834774 0.00720341 0.00021079
frame_4
id: 3450
stamp: 1777955680.338462114
T_odom_lidar: 
    0.877345   -0.0563513      0.47654     0.362927
   0.0512609     0.998404    0.0236871    0.0632224
   -0.477114   0.00364615     0.878834 -0.000287589
           0            0            0            1
T_world_lidar: 
    0.877345   -0.0563513      0.47654     0.362927
   0.0512609     0.998404    0.0236871    0.0632224
   -0.477114   0.00364615     0.878834 -0.000287589
           0            0            0            1
v_world_imu: -0.00161806   0.0200364  0.00606031
frame_5
id: 3451
stamp: 1777955680.439634800
T_odom_lidar: 
   0.876662  -0.0649691      0.4767    0.373117
  0.0592136    0.997877    0.027105    0.064198
  -0.477449  0.00446523    0.878648 5.37135e-05
          0           0           0           1
T_world_lidar: 
   0.876662  -0.0649691      0.4767    0.373117
  0.0592136    0.997877    0.027105    0.064198
  -0.477449  0.00446523    0.878648 5.37135e-05
          0           0           0           1
v_world_imu:   0.130026  0.0158131 0.00120006
frame_6
id: 3452
stamp: 1777955680.539568424
T_odom_lidar: 
   0.873659  -0.0695774    0.481538     0.39476
  0.0627054     0.99757   0.0303718   0.0657188
  -0.482481  0.00366049    0.875899 -6.4971e-05
          0           0           0           1
T_world_lidar: 
   0.873659  -0.0695774    0.481538     0.39476
  0.0627054     0.99757   0.0303718   0.0657188
  -0.482481  0.00366049    0.875899 -6.4971e-05
          0           0           0           1
v_world_imu:   0.205865  0.0239297 0.00121112
frame_7
id: 3453
stamp: 1777955680.639642000
T_odom_lidar: 
   0.874818  -0.0699756    0.479371    0.402719
  0.0637124    0.997537   0.0293436   0.0665051
  -0.480243  0.00487155    0.877122 0.000126393
          0           0           0           1
T_world_lidar: 
   0.874818  -0.0699756    0.479371    0.402719
  0.0637124    0.997537   0.0293436   0.0665051
  -0.480243  0.00487155    0.877122 0.000126393
          0           0           0           1
v_world_imu:   0.0564493 -0.00169636  0.00842748
frame_8
id: 3454
stamp: 1777955680.738571644
T_odom_lidar: 
   0.876478  -0.0689004    0.476486    0.404652
  0.0620829    0.997618   0.0300577   0.0665124
  -0.477422  0.00323674    0.878668 0.000336358
          0           0           0           1
T_world_lidar: 
   0.876478  -0.0689004    0.476486    0.404652
  0.0620829    0.997618   0.0300577   0.0665124
  -0.477422  0.00323674    0.878668 0.000336358
          0           0           0           1
v_world_imu:   0.0754678 -0.00750424  0.00411748
frame_9
id: 3455
stamp: 1777955680.838577271
T_odom_lidar: 
   0.875137  -0.0722464    0.478451    0.409063
  0.0658215    0.997374   0.0302096   0.0663057
  -0.479377  0.00505476    0.877594 0.000564641
          0           0           0           1
T_world_lidar: 
   0.875137  -0.0722464    0.478451    0.409063
  0.0658215    0.997374   0.0302096   0.0663057
  -0.479377  0.00505476    0.877594 0.000564641
          0           0           0           1
v_world_imu:    0.0134006 -0.000531884   0.00241033
frame_10
id: 3456
stamp: 1777955680.938419580
T_odom_lidar: 
   0.876412  -0.0676275     0.47679    0.406221
  0.0612435    0.997703   0.0289385   0.0665124
  -0.477652  0.00383817    0.878541 0.000754262
          0           0           0           1
T_world_lidar: 
   0.876412  -0.0676275     0.47679    0.406221
  0.0612435    0.997703   0.0289385   0.0665124
  -0.477652  0.00383817    0.878541 0.000754262
          0           0           0           1
v_world_imu:   -0.0457112 -0.000145975  0.000876885
frame_11
id: 3457
stamp: 1777955681.038145065
T_odom_lidar: 
   0.875878  -0.0706173    0.477337    0.406734
  0.0640578    0.997494    0.030028    0.066014
  -0.478262   0.0042763    0.878207 0.000903262
          0           0           0           1
T_world_lidar: 
   0.875878  -0.0706173    0.477337    0.406734
  0.0640578    0.997494    0.030028    0.066014
  -0.478262   0.0042763    0.878207 0.000903262
          0           0           0           1
v_world_imu:    0.0147388  -0.00211066 -0.000717603
frame_12
id: 3458
stamp: 1777955681.138457298
T_odom_lidar: 
   0.874875  -0.0703494    0.479213    0.408572
  0.0638031    0.997513   0.0299548    0.066343
  -0.480129  0.00436855    0.877187 0.000992967
          0           0           0           1
T_world_lidar: 
   0.874875  -0.0703494    0.479213    0.408572
  0.0638031    0.997513   0.0299548    0.066343
  -0.480129  0.00436855    0.877187 0.000992967
          0           0           0           1
v_world_imu:  -0.0394266 -0.00138696 0.000251079
frame_13
id: 3459
stamp: 1777955681.238425493
T_odom_lidar: 
   0.87555 -0.0694919   0.478104   0.406786
 0.0628736   0.997575  0.0298564  0.0662616
 -0.479019 0.00391936   0.877796 0.00111921
         0          0          0          1
T_world_lidar: 
   0.87555 -0.0694919   0.478104   0.406786
 0.0628736   0.997575  0.0298564  0.0662616
 -0.479019 0.00391936   0.877796 0.00111921
         0          0          0          1
v_world_imu:   0.00891602  0.000276905 -0.000438404
frame_14
id: 3460
stamp: 1777955681.338229418
T_odom_lidar: 
    0.8751 -0.0710781   0.478694   0.407904
 0.0643955   0.997462  0.0303852  0.0660713
 -0.479639 0.00423566   0.877456  0.0011344
         0          0          0          1
T_world_lidar: 
    0.8751 -0.0710781   0.478694   0.407904
 0.0643955   0.997462  0.0303852  0.0660713
 -0.479639 0.00423566   0.877456  0.0011344
         0          0          0          1
v_world_imu:     0.020101  0.000399049 -0.000234999
frame_15
id: 3461
stamp: 1777955681.438179970
T_odom_lidar: 
  0.875835 -0.0689375   0.477661   0.406805
 0.0625253   0.997612  0.0293326  0.0661402
 -0.478542 0.00417541   0.878055  0.0011454
         0          0          0          1
T_world_lidar: 
  0.875835 -0.0689375   0.477661   0.406805
 0.0625253   0.997612  0.0293326  0.0661402
 -0.478542 0.00417541   0.878055  0.0011454
         0          0          0          1
v_world_imu:   0.00279625 -5.15518e-05 -0.000578154
frame_16
id: 3462
stamp: 1777955681.538737059
T_odom_lidar: 
  0.875842 -0.0703098   0.477449   0.406818
 0.0637666   0.997516  0.0299209  0.0658911
 -0.478367 0.00423929    0.87815 0.00111624
         0          0          0          1
T_world_lidar: 
  0.875842 -0.0703098   0.477449   0.406818
 0.0637666   0.997516  0.0299209  0.0658911
 -0.478367 0.00423929    0.87815 0.00111624
         0          0          0          1
v_world_imu:  0.00813989 -0.00339469 -0.00176698
frame_17
id: 3463
stamp: 1777955681.638257742
T_odom_lidar: 
  0.875643 -0.0696925   0.477904   0.406959
 0.0632123   0.997559  0.0296524   0.066011
 -0.478804 0.00424442   0.877912 0.00112292
         0          0          0          1
T_world_lidar: 
  0.875643 -0.0696925   0.477904   0.406959
 0.0632123   0.997559  0.0296524   0.066011
 -0.478804 0.00424442   0.877912 0.00112292
         0          0          0          1
v_world_imu:   -0.0195069  8.33589e-05 -0.000688129
frame_18
id: 3464
stamp: 1777955681.738173008
T_odom_lidar: 
  0.875494 -0.0699496   0.478139   0.406929
 0.0633838   0.997542  0.0298774  0.0659997
 -0.479053 0.00414873   0.877776 0.00112282
         0          0          0          1
T_world_lidar: 
  0.875494 -0.0699496   0.478139   0.406929
 0.0633838   0.997542  0.0298774  0.0659997
 -0.479053 0.00414873   0.877776 0.00112282
         0          0          0          1
v_world_imu: -0.00347036 -0.00162641 -0.00100845
frame_19
id: 3465
stamp: 1777955681.838407755
T_odom_lidar: 
  0.875295 -0.0704329   0.478432   0.407043
 0.0638015   0.997508  0.0301238  0.0659296
 -0.479361 0.00415747   0.877608 0.00111994
         0          0          0          1
T_world_lidar: 
  0.875295 -0.0704329   0.478432   0.407043
 0.0638015   0.997508  0.0301238  0.0659296
 -0.479361 0.00415747   0.877608 0.00111994
         0          0          0          1
v_world_imu:   -0.0140812 -0.000473146   6.8123e-05
frame_20
id: 3466
stamp: 1777955681.938420534
T_odom_lidar: 
  0.875328  -0.069725   0.478476   0.407013
 0.0631875   0.997558  0.0297713  0.0659926
 -0.479383 0.00417403   0.877596 0.00111312
         0          0          0          1
T_world_lidar: 
  0.875328  -0.069725   0.478476   0.407013
 0.0631875   0.997558  0.0297713  0.0659926
 -0.479383 0.00417403   0.877596 0.00111312
         0          0          0          1
v_world_imu:  0.00850066  0.00142133 0.000354783
frame_21
id: 3467
stamp: 1777955682.038469076
T_odom_lidar: 
   0.87529 -0.0703625   0.478453   0.406998
 0.0637517   0.997513  0.0300683  0.0659182
 -0.479378 0.00418366   0.877598 0.00109296
         0          0          0          1
T_world_lidar: 
   0.87529 -0.0703625   0.478453   0.406998
 0.0637517   0.997513  0.0300683  0.0659182
 -0.479378 0.00418366   0.877598 0.00109296
         0          0          0          1
v_world_imu: 0.000171823  0.00198412  0.00127808
frame_22
id: 3468
stamp: 1777955682.138468266
T_odom_lidar: 
  0.875478 -0.0697715   0.478195   0.406757
 0.0631972   0.997555   0.029848  0.0659619
 -0.479108  0.0040893   0.877746  0.0010673
         0          0          0          1
T_world_lidar: 
  0.875478 -0.0697715   0.478195   0.406757
 0.0631972   0.997555   0.029848  0.0659619
 -0.479108  0.0040893   0.877746  0.0010673
         0          0          0          1
v_world_imu:   0.0106663  0.00164919 0.000725134
frame_23
id: 3469
stamp: 1777955682.238234043
T_odom_lidar: 
  0.875395 -0.0699828   0.478315   0.406994
 0.0633975    0.99754  0.0299232  0.0659752
 -0.479232 0.00412937   0.877678 0.00101501
         0          0          0          1
T_world_lidar: 
  0.875395 -0.0699828   0.478315   0.406994
 0.0633975    0.99754  0.0299232  0.0659752
 -0.479232 0.00412937   0.877678 0.00101501
         0          0          0          1
v_world_imu: -0.00060309  0.00034186 0.000846515
frame_24
id: 3470
stamp: 1777955682.339764595
T_odom_lidar: 
   0.875561  -0.0699321    0.478019    0.406581
  0.0633419    0.997543   0.0299163   0.0659319
  -0.478936  0.00408506     0.87784 0.000979225
          0           0           0           1
T_world_lidar: 
   0.875561  -0.0699321    0.478019    0.406581
  0.0633419    0.997543   0.0299163   0.0659319
  -0.478936  0.00408506     0.87784 0.000979225
          0           0           0           1
v_world_imu:   0.00153518 -0.000900861  0.000540839
frame_25
id: 3471
stamp: 1777955682.438506842
T_odom_lidar: 
   0.875293  -0.0699246     0.47851    0.407036
  0.0633243    0.997544   0.0299377   0.0659928
  -0.479428  0.00409708    0.877572 0.000939924
          0           0           0           1
T_world_lidar: 
   0.875293  -0.0699246     0.47851    0.407036
  0.0633243    0.997544   0.0299377   0.0659928
  -0.479428  0.00409708    0.877572 0.000939924
          0           0           0           1
v_world_imu:  -0.00406156 -0.000329898  0.000797055
frame_26
id: 3472
stamp: 1777955682.538718939
T_odom_lidar: 
    0.87536  -0.0699056    0.478391    0.406755
  0.0632803    0.997545   0.0299776   0.0660165
  -0.479312  0.00403155    0.877635 0.000929374
          0           0           0           1
T_world_lidar: 
    0.87536  -0.0699056    0.478391    0.406755
  0.0632803    0.997545   0.0299776   0.0660165
  -0.479312  0.00403155    0.877635 0.000929374
          0           0           0           1
v_world_imu: -0.00235065   0.0003501 0.000801747
frame_27
id: 3473
stamp: 1777955682.638171673
T_odom_lidar: 
   0.875205  -0.0700081    0.478659    0.407061
  0.0633581    0.997538   0.0300514    0.066012
  -0.479584  0.00402576    0.877486 0.000921405
          0           0           0           1
T_world_lidar: 
   0.875205  -0.0700081    0.478659    0.407061
  0.0633581    0.997538   0.0300514    0.066012
  -0.479584  0.00402576    0.877486 0.000921405
          0           0           0           1
v_world_imu: 0.000377305  0.00113253 0.000755044
frame_28
id: 3474
stamp: 1777955682.738184214
T_odom_lidar: 
   0.875249  -0.0696673    0.478628    0.407084
   0.063069    0.997562   0.0298694    0.066107
  -0.479542  0.00404349    0.877509 0.000920407
          0           0           0           1
T_world_lidar: 
   0.875249  -0.0696673    0.478628    0.407084
   0.063069    0.997562   0.0298694    0.066107
  -0.479542  0.00404349    0.877509 0.000920407
          0           0           0           1
v_world_imu:  0.00216524  0.00197753 0.000734106
frame_29
id: 3475
stamp: 1777955682.839536190
T_odom_lidar: 
   0.875219  -0.0700048    0.478635    0.407264
  0.0633013    0.997539   0.0301483   0.0661454
  -0.479568  0.00391185    0.877496 0.000921865
          0           0           0           1
T_world_lidar: 
   0.875219  -0.0700048    0.478635    0.407264
  0.0633013    0.997539   0.0301483   0.0661454
  -0.479568  0.00391185    0.877496 0.000921865
          0           0           0           1
v_world_imu:  0.00405917  0.00216979 0.000590166
frame_30
id: 3476
stamp: 1777955682.938271523
T_odom_lidar: 
   0.875281  -0.0698974    0.478536    0.407429
  0.0631638    0.997547   0.0301751   0.0664289
  -0.479471  0.00381448    0.877549 0.000957511
          0           0           0           1
T_world_lidar: 
   0.875281  -0.0698974    0.478536    0.407429
  0.0631638    0.997547   0.0301751   0.0664289
  -0.479471  0.00381448    0.877549 0.000957511
          0           0           0           1
v_world_imu: 0.00262296 0.00907126 0.00147743
frame_31
id: 3477
stamp: 1777955683.038532734
T_odom_lidar: 
  0.872909 -0.0784925   0.481527   0.411296
 0.0707733   0.996906  0.0342056  0.0674342
 -0.482722  0.0042209   0.875763 0.00098726
         0          0          0          1
T_world_lidar: 
  0.872909 -0.0784925   0.481527   0.411296
 0.0707733   0.996906  0.0342056  0.0674342
 -0.482722  0.0042209   0.875763 0.00098726
         0          0          0          1
v_world_imu:   0.099085 0.00593836   0.011145
frame_32
id: 3478
stamp: 1777955683.138212204
T_odom_lidar: 
   0.875368  -0.0829542    0.476288    0.406482
  0.0748715    0.996545   0.0359605   0.0692921
  -0.477625  0.00418174    0.878554 0.000998225
          0           0           0           1
T_world_lidar: 
   0.875368  -0.0829542    0.476288    0.406482
  0.0748715    0.996545   0.0359605   0.0692921
  -0.477625  0.00418174    0.878554 0.000998225
          0           0           0           1
v_world_imu: 0.00789112  0.0258649 0.00205426
frame_33
id: 3479
stamp: 1777955683.238586903
T_odom_lidar: 
   0.87581 -0.0984896     0.4725   0.402846
 0.0892459   0.995124  0.0420041  0.0735601
 -0.474333 0.00538106   0.880329  0.0012597
         0          0          0          1
T_world_lidar: 
   0.87581 -0.0984896     0.4725   0.402846
 0.0892459   0.995124  0.0420041  0.0735601
 -0.474333 0.00538106   0.880329  0.0012597
         0          0          0          1
v_world_imu:  -0.0260744   0.0633935 0.000829809
frame_34
id: 3480
stamp: 1777955683.339535713
T_odom_lidar: 
  0.871012  -0.120809   0.476177   0.407895
  0.108525   0.992662  0.0533324  0.0778155
 -0.479125 0.00522388   0.877731 0.00160514
         0          0          0          1
T_world_lidar: 
  0.871012  -0.120809   0.476177   0.407895
  0.108525   0.992662  0.0533324  0.0778155
 -0.479125 0.00522388   0.877731 0.00160514
         0          0          0          1
v_world_imu:  -0.0320198   0.0569692 -0.00424468
frame_35
id: 3481
stamp: 1777955683.438767910
T_odom_lidar: 
  0.868224  -0.145815   0.474263   0.408271
  0.130709   0.989296  0.0648801  0.0847615
 -0.478647 0.00565993   0.877989  0.0016419
         0          0          0          1
T_world_lidar: 
  0.868224  -0.145815   0.474263   0.408271
  0.130709   0.989296  0.0648801  0.0847615
 -0.478647 0.00565993   0.877989  0.0016419
         0          0          0          1
v_world_imu: 0.00293747  0.0598244 -0.0021452
frame_36
id: 3482
stamp: 1777955683.538622618
T_odom_lidar: 
  0.864507  -0.172645    0.47204   0.407775
  0.154114    0.98497  0.0779961  0.0902254
 -0.478411 0.00531988    0.87812 0.00155322
         0          0          0          1
T_world_lidar: 
  0.864507  -0.172645    0.47204   0.407775
  0.154114    0.98497  0.0779961  0.0902254
 -0.478411 0.00531988    0.87812 0.00155322
         0          0          0          1
v_world_imu:   0.00455919    0.0740073 -0.000703925
frame_37
id: 3483
stamp: 1777955683.639603853
T_odom_lidar: 
  0.859156   -0.20695   0.467998   0.406418
  0.183969   0.978341  0.0948933  0.0966562
   -0.4775 0.00456896    0.87862 0.00149994
         0          0          0          1
T_world_lidar: 
  0.859156   -0.20695   0.467998   0.406418
  0.183969   0.978341  0.0948933  0.0966562
   -0.4775 0.00456896    0.87862 0.00149994
         0          0          0          1
v_world_imu:   0.0240333   0.0577749 -0.00299954
frame_38
id: 3484
stamp: 1777955683.738661289
T_odom_lidar: 
  0.852405  -0.236625   0.466278   0.406878
  0.209444   0.971594   0.110174   0.103925
 -0.479102 0.00374621   0.877751 0.00138442
         0          0          0          1
T_world_lidar: 
  0.852405  -0.236625   0.466278   0.406878
  0.209444   0.971594   0.110174   0.103925
 -0.479102 0.00374621   0.877751 0.00138442
         0          0          0          1
v_world_imu:  -0.0271548   0.0400295 -0.00213169
frame_39
id: 3485
stamp: 1777955683.838490248
T_odom_lidar: 
  0.844883  -0.265597    0.46436   0.406386
  0.234347   0.964079   0.125035   0.110225
 -0.480889 0.00318142   0.876776 0.00112759
         0          0          0          1
T_world_lidar: 
  0.844883  -0.265597    0.46436   0.406386
  0.234347   0.964079   0.125035   0.110225
 -0.480889 0.00318142   0.876776 0.00112759
         0          0          0          1
v_world_imu:  -0.0373285    0.055721 -0.00441874
frame_40
id: 3486
stamp: 1777955683.939661026
T_odom_lidar: 
   0.837647   -0.293133     0.46089    0.405516
   0.258499    0.956066    0.138261    0.115608
   -0.48117  0.00332557    0.876621 0.000592481
          0           0           0           1
T_world_lidar: 
   0.837647   -0.293133     0.46089    0.405516
   0.258499    0.956066    0.138261    0.115608
   -0.48117  0.00332557    0.876621 0.000592481
          0           0           0           1
v_world_imu:   0.0110148   0.0783238 -0.00540065
frame_41
id: 3487
stamp: 1777955684.038624763
T_odom_lidar: 
   0.830002   -0.320995    0.456135    0.404058
   0.283212    0.947074    0.151138    0.121835
  -0.480507  0.00373829    0.876983 0.000198116
          0           0           0           1
T_world_lidar: 
   0.830002   -0.320995    0.456135    0.404058
   0.283212    0.947074    0.151138    0.121835
  -0.480507  0.00373829    0.876983 0.000198116
          0           0           0           1
v_world_imu: 0.00777628  0.0693716 -0.0010836
frame_42
id: 3488
stamp: 1777955684.138476133
T_odom_lidar: 
    0.819479    -0.354377     0.450412     0.401804
     0.31218     0.935097     0.167739     0.128176
   -0.480622   0.00315108     0.876922 -0.000171515
           0            0            0            1
T_world_lidar: 
    0.819479    -0.354377     0.450412     0.401804
     0.31218     0.935097     0.167739     0.128176
   -0.480622   0.00315108     0.876922 -0.000171515
           0            0            0            1
v_world_imu:   -0.0227569    0.0665093 -0.000403495
frame_43
id: 3489
stamp: 1777955684.238442898
T_odom_lidar: 
    0.808721    -0.383455     0.446018     0.400857
    0.337281     0.923555     0.182449     0.133875
   -0.481883   0.00288281     0.876231 -0.000279633
           0            0            0            1
T_world_lidar: 
    0.808721    -0.383455     0.446018     0.400857
    0.337281     0.923555     0.182449     0.133875
   -0.481883   0.00288281     0.876231 -0.000279633
           0            0            0            1
v_world_imu: -0.00474066   0.0505646  -0.0020061
