id: 0
T_world_origin: 
  0.888791   0.342857  -0.304136     0.9268
 -0.320247   0.939311   0.123029  -0.314434
   0.32786 -0.0119482   0.944651 0.00743573
         0          0          0          1
T_origin_endpoint_L: 
  0.909496  -0.333064    0.24877  -0.926147
  0.348519   0.937098 -0.0195471 -0.0234108
 -0.226611   0.104479   0.968365   0.311738
         0          0          0          1
T_origin_endpoint_R: 
   0.992654  -0.0166985   -0.119829   -0.944639
  0.0159639    0.999847 -0.00708712    0.199262
   0.119929  0.00512212    0.992769    0.310531
          0           0           0           1
T_lidar_imu: 
     1      0      0  0.006
     0      1      0 -0.012
     0      0      1  0.008
     0      0      0      1
imu_bias:  -0.00195536 -0.000170057  -0.00785973  0.000346152   -0.0015729   0.00273344
frame_id: 2
num_frames: 2999
frame_0
id: 0
stamp: 1777097558.293344975
T_odom_lidar: 
   0.996765 -0.00650897  -0.0801121 -0.00460603
 0.00822492    0.999743   0.0211081   0.0103026
  0.0799542  -0.0216987    0.996562  -0.0101595
          0           0           0           1
T_world_lidar: 
   0.996765 -0.00650897  -0.0801121 -0.00460603
 0.00822492    0.999743   0.0211081   0.0103026
  0.0799542  -0.0216987    0.996562  -0.0101595
          0           0           0           1
v_world_imu:   0.00149959 -0.000902619    0.0193281
frame_1
id: 1
stamp: 1777097558.393255949
T_odom_lidar: 
   0.996774  -0.0064975   -0.079991 -0.00452416
 0.00819564    0.999748   0.0209191   0.0102364
  0.0798349  -0.0215072    0.996576 -0.00842393
          0           0           0           1
T_world_lidar: 
   0.996774  -0.0064975   -0.079991 -0.00452416
 0.00819564    0.999748   0.0209191   0.0102364
  0.0798349  -0.0215072    0.996576 -0.00842393
          0           0           0           1
v_world_imu:  0.000964557 -0.000525472    0.0149096
frame_2
id: 2
stamp: 1777097558.493200779
T_odom_lidar: 
   0.996776  -0.0064836  -0.0799777 -0.00447471
 0.00817738    0.999749   0.0208689     0.01019
  0.0798223  -0.0214556    0.996578 -0.00712255
          0           0           0           1
T_world_lidar: 
   0.996776  -0.0064836  -0.0799777 -0.00447471
 0.00817738    0.999749   0.0208689     0.01019
  0.0798223  -0.0214556    0.996578 -0.00712255
          0           0           0           1
v_world_imu:  0.000500946 -0.000180734    0.0111175
frame_3
id: 3
stamp: 1777097558.593338251
T_odom_lidar: 
   0.996782 -0.00652809  -0.0798947 -0.00448084
 0.00821162    0.999751   0.0207614   0.0101604
  0.0797393  -0.0213506    0.996587 -0.00619628
          0           0           0           1
T_world_lidar: 
   0.996782 -0.00652809  -0.0798947 -0.00448084
 0.00821162    0.999751   0.0207614   0.0101604
  0.0797393  -0.0213506    0.996587 -0.00619628
          0           0           0           1
v_world_imu: 3.11719e-05 -0.00021718  0.00695159
frame_4
id: 4
stamp: 1777097558.694313526
T_odom_lidar: 
   0.996792 -0.00648759  -0.0797661 -0.00453332
 0.00816618    0.999752   0.0207358   0.0101351
  0.0796118  -0.0213206    0.996598 -0.00542667
          0           0           0           1
T_world_lidar: 
   0.996792 -0.00648759  -0.0797661 -0.00453332
 0.00816618    0.999752   0.0207358   0.0101351
  0.0796118  -0.0213206    0.996598 -0.00542667
          0           0           0           1
v_world_imu: -0.000288101 -0.000191714   0.00396265
frame_5
id: 5
stamp: 1777097558.793040037
T_odom_lidar: 
   0.996797 -0.00654992  -0.0797067 -0.00459747
 0.00822332    0.999752   0.0206844   0.0100533
  0.0795515  -0.0212736    0.996604 -0.00492496
          0           0           0           1
T_world_lidar: 
   0.996797 -0.00654992  -0.0797067 -0.00459747
 0.00822332    0.999752   0.0206844   0.0100533
  0.0795515  -0.0212736    0.996604 -0.00492496
          0           0           0           1
v_world_imu: -0.000776563 -0.000304857   0.00218929
frame_6
id: 6
stamp: 1777097558.893139601
T_odom_lidar: 
    0.99681 -0.00658577  -0.0795439 -0.00471397
 0.00825924    0.999751   0.0207277  0.00996059
  0.0793876  -0.0213186    0.996616 -0.00462977
          0           0           0           1
T_world_lidar: 
    0.99681 -0.00658577  -0.0795439 -0.00471397
 0.00825924    0.999751   0.0207277  0.00996059
  0.0793876  -0.0213186    0.996616 -0.00462977
          0           0           0           1
v_world_imu: -0.000896325 -0.000365634  0.000160996
frame_7
id: 7
stamp: 1777097558.993198395
T_odom_lidar: 
   0.996816 -0.00651538  -0.0794678  -0.0047734
 0.00818985    0.999751   0.0207633  0.00991125
  0.0793127  -0.0213481    0.996621 -0.00451634
          0           0           0           1
T_world_lidar: 
   0.996816 -0.00651538  -0.0794678  -0.0047734
 0.00818985    0.999751   0.0207633  0.00991125
  0.0793127  -0.0213481    0.996621 -0.00451634
          0           0           0           1
v_world_imu: -0.000496221 -0.000458303 -0.000766217
frame_8
id: 8
stamp: 1777097559.094302177
T_odom_lidar: 
   0.996828 -0.00650434  -0.0793225 -0.00484105
 0.00817328    0.999752   0.0207335  0.00983592
   0.079168   -0.021316    0.996633 -0.00459752
          0           0           0           1
T_world_lidar: 
   0.996828 -0.00650434  -0.0793225 -0.00484105
 0.00817328    0.999752   0.0207335  0.00983592
   0.079168   -0.021316    0.996633 -0.00459752
          0           0           0           1
v_world_imu: -0.000593786 -0.000431599  -0.00113379
frame_9
id: 9
stamp: 1777097559.193225145
T_odom_lidar: 
   0.996817 -0.00651728  -0.0794531 -0.00483177
 0.00819352     0.99975   0.0207896  0.00981374
  0.0792978  -0.0213744    0.996622 -0.00474241
          0           0           0           1
T_world_lidar: 
   0.996817 -0.00651728  -0.0794531 -0.00483177
 0.00819352     0.99975   0.0207896  0.00981374
  0.0792978  -0.0213744    0.996622 -0.00474241
          0           0           0           1
v_world_imu: -0.000160576 -0.000381822  -0.00121058
frame_10
id: 10
stamp: 1777097559.292880297
T_odom_lidar: 
   0.996818 -0.00655015  -0.0794453 -0.00486647
 0.00823062    0.999749   0.0208436  0.00975461
  0.0792889  -0.0214312    0.996621 -0.00492965
          0           0           0           1
T_world_lidar: 
   0.996818 -0.00655015  -0.0794453 -0.00486647
 0.00823062    0.999749   0.0208436  0.00975461
  0.0792889  -0.0214312    0.996621 -0.00492965
          0           0           0           1
v_world_imu:  0.000141103 -0.000338072  -0.00148856
frame_11
id: 11
stamp: 1777097559.393303871
T_odom_lidar: 
   0.996813 -0.00657971   -0.079508 -0.00482636
 0.00825923    0.999749   0.0208135  0.00975279
  0.0793511  -0.0214039    0.996617 -0.00512846
          0           0           0           1
T_world_lidar: 
   0.996813 -0.00657971   -0.079508 -0.00482636
 0.00825923    0.999749   0.0208135  0.00975279
  0.0793511  -0.0214039    0.996617 -0.00512846
          0           0           0           1
v_world_imu:  0.000324331 -0.000276223  -0.00157773
frame_12
id: 12
stamp: 1777097559.493206024
T_odom_lidar: 
   0.996811 -0.00655238   -0.079526 -0.00479051
 0.00823402    0.999749   0.0208363  0.00968761
  0.0793695  -0.0214247    0.996615 -0.00534283
          0           0           0           1
T_world_lidar: 
   0.996811 -0.00655238   -0.079526 -0.00479051
 0.00823402    0.999749   0.0208363  0.00968761
  0.0793695  -0.0214247    0.996615 -0.00534283
          0           0           0           1
v_world_imu:  0.000372212 -0.000488255   -0.0016539
frame_13
id: 13
stamp: 1777097559.593294859
T_odom_lidar: 
   0.996808 -0.00652463  -0.0795667 -0.00477308
 0.00820327     0.99975   0.0207887  0.00967502
  0.0794112   -0.021375    0.996613 -0.00558577
          0           0           0           1
T_world_lidar: 
   0.996808 -0.00652463  -0.0795667 -0.00477308
 0.00820327     0.99975   0.0207887  0.00967502
  0.0794112   -0.021375    0.996613 -0.00558577
          0           0           0           1
v_world_imu:  0.000325885 -0.000335437  -0.00162782
frame_14
id: 14
stamp: 1777097559.693003178
T_odom_lidar: 
   0.996809 -0.00653237  -0.0795609 -0.00479524
 0.00820704    0.999751   0.0207401  0.00964791
  0.0794057  -0.0213269    0.996614 -0.00579343
          0           0           0           1
T_world_lidar: 
   0.996809 -0.00653237  -0.0795609 -0.00479524
 0.00820704    0.999751   0.0207401  0.00964791
  0.0794057  -0.0213269    0.996614 -0.00579343
          0           0           0           1
v_world_imu:  0.000169684 -4.99293e-05  -0.00152352
frame_15
id: 15
stamp: 1777097559.793371439
T_odom_lidar: 
   0.996808 -0.00643661   -0.079574 -0.00476301
 0.00811271    0.999752    0.020758  0.00966281
  0.0794206  -0.0213373    0.996613 -0.00605976
          0           0           0           1
T_world_lidar: 
   0.996808 -0.00643661   -0.079574 -0.00476301
 0.00811271    0.999752    0.020758  0.00966281
  0.0794206  -0.0213373    0.996613 -0.00605976
          0           0           0           1
v_world_imu: -1.39992e-05 -0.000346957  3.10105e-05
frame_16
id: 16
stamp: 1777097559.894243002
T_odom_lidar: 
   0.996802 -0.00650097  -0.0796519 -0.00473873
 0.00817417    0.999752   0.0206984  0.00963899
  0.0794977  -0.0212833    0.996608 -0.00614563
          0           0           0           1
T_world_lidar: 
   0.996802 -0.00650097  -0.0796519 -0.00473873
 0.00817417    0.999752   0.0206984  0.00963899
  0.0794977  -0.0212833    0.996608 -0.00614563
          0           0           0           1
v_world_imu:  5.07087e-05 -0.000342362  -0.00111352
frame_17
id: 17
stamp: 1777097559.993072748
T_odom_lidar: 
   0.996808 -0.00652369  -0.0795649 -0.00479249
 0.00819188    0.999753    0.020658  0.00958341
  0.0794105  -0.0212439    0.996616 -0.00628432
          0           0           0           1
T_world_lidar: 
   0.996808 -0.00652369  -0.0795649 -0.00479249
 0.00819188    0.999753    0.020658  0.00958341
  0.0794105  -0.0212439    0.996616 -0.00628432
          0           0           0           1
v_world_imu:  0.000104397 -0.000462613 -0.000508981
frame_18
id: 18
stamp: 1777097560.094273090
T_odom_lidar: 
   0.996808 -0.00649494   -0.079572 -0.00475786
 0.00816327    0.999753    0.020659  0.00951618
  0.0794182  -0.0212426    0.996615 -0.00640277
          0           0           0           1
T_world_lidar: 
   0.996808 -0.00649494   -0.079572 -0.00475786
 0.00816327    0.999753    0.020659  0.00951618
  0.0794182  -0.0212426    0.996615 -0.00640277
          0           0           0           1
v_world_imu:   0.00021487 -0.000239453  0.000102032
frame_19
id: 19
stamp: 1777097560.192932606
T_odom_lidar: 
   0.996814  -0.0064907  -0.0794934 -0.00478663
 0.00815662    0.999753     0.02065  0.00951877
  0.0793398  -0.0212326    0.996621 -0.00646361
          0           0           0           1
T_world_lidar: 
   0.996814  -0.0064907  -0.0794934 -0.00478663
 0.00815662    0.999753     0.02065  0.00951877
  0.0793398  -0.0212326    0.996621 -0.00646361
          0           0           0           1
v_world_imu:  0.000246096 -0.000200478  0.000203495
frame_20
id: 20
stamp: 1777097560.293272972
T_odom_lidar: 
   0.996815 -0.00649214  -0.0794882 -0.00477136
 0.00815522    0.999754   0.0206157  0.00951947
  0.0793348  -0.0211982    0.996623 -0.00651643
          0           0           0           1
T_world_lidar: 
   0.996815 -0.00649214  -0.0794882 -0.00477136
 0.00815522    0.999754   0.0206157  0.00951947
  0.0793348  -0.0211982    0.996623 -0.00651643
          0           0           0           1
v_world_imu:  0.000250567 -0.000223435   0.00029436
frame_21
id: 21
stamp: 1777097560.393298864
T_odom_lidar: 
   0.996814 -0.00650666  -0.0794946 -0.00472323
 0.00817485    0.999753   0.0206775  0.00946848
  0.0793404  -0.0212615    0.996621 -0.00654758
          0           0           0           1
T_world_lidar: 
   0.996814 -0.00650666  -0.0794946 -0.00472323
 0.00817485    0.999753   0.0206775  0.00946848
  0.0793404  -0.0212615    0.996621 -0.00654758
          0           0           0           1
v_world_imu:  0.000502408 -0.000252418  0.000593782
frame_22
id: 22
stamp: 1777097560.492906570
T_odom_lidar: 
   0.996812 -0.00653503  -0.0795197 -0.00465813
 0.00820891    0.999751   0.0207412  0.00940055
  0.0793644  -0.0213278    0.996617 -0.00655219
          0           0           0           1
T_world_lidar: 
   0.996812 -0.00653503  -0.0795197 -0.00465813
 0.00820891    0.999751   0.0207412  0.00940055
  0.0793644  -0.0213278    0.996617 -0.00655219
          0           0           0           1
v_world_imu:  0.000591407 -0.000134929  0.000510434
frame_23
id: 23
stamp: 1777097560.593261242
T_odom_lidar: 
   0.996802 -0.00654052    -0.07964 -0.00459064
 0.00821445    0.999752   0.0207093  0.00942554
  0.0794848  -0.0212973    0.996609 -0.00655111
          0           0           0           1
T_world_lidar: 
   0.996802 -0.00654052    -0.07964 -0.00459064
 0.00821445    0.999752   0.0207093  0.00942554
  0.0794848  -0.0212973    0.996609 -0.00655111
          0           0           0           1
v_world_imu:  0.000498134 -0.000231246   0.00070274
frame_24
id: 24
stamp: 1777097560.693174839
T_odom_lidar: 
   0.996803 -0.00653532  -0.0796287 -0.00459504
 0.00821245    0.999751   0.0207526  0.00940009
  0.0794733  -0.0213402    0.996609 -0.00652361
          0           0           0           1
T_world_lidar: 
   0.996803 -0.00653532  -0.0796287 -0.00459504
 0.00821245    0.999751   0.0207526  0.00940009
  0.0794733  -0.0213402    0.996609 -0.00652361
          0           0           0           1
v_world_imu:  0.000553766 -0.000215948   0.00101394
frame_25
id: 25
stamp: 1777097560.793560028
T_odom_lidar: 
   0.996805 -0.00651567  -0.0796088 -0.00454912
 0.00819687     0.99975   0.0208097  0.00938568
  0.0794533  -0.0213958    0.996609 -0.00647155
          0           0           0           1
T_world_lidar: 
   0.996805 -0.00651567  -0.0796088 -0.00454912
 0.00819687     0.99975   0.0208097  0.00938568
  0.0794533  -0.0213958    0.996609 -0.00647155
          0           0           0           1
v_world_imu: 0.000656265 0.000145625  0.00106971
frame_26
id: 26
stamp: 1777097560.893497467
T_odom_lidar: 
   0.996808 -0.00650763  -0.0795717 -0.00458368
 0.00818379    0.999751   0.0207569  0.00944729
  0.0794168  -0.0213418    0.996613 -0.00640538
          0           0           0           1
T_world_lidar: 
   0.996808 -0.00650763  -0.0795717 -0.00458368
 0.00818379    0.999751   0.0207569  0.00944729
  0.0794168  -0.0213418    0.996613 -0.00640538
          0           0           0           1
v_world_imu: 0.000534675 0.000263748 0.000728185
frame_27
id: 27
stamp: 1777097560.993081808
T_odom_lidar: 
   0.996804 -0.00647075  -0.0796264 -0.00449155
 0.00815228     0.99975   0.0208109  0.00943763
  0.0794718  -0.0213936    0.996608 -0.00635945
          0           0           0           1
T_world_lidar: 
   0.996804 -0.00647075  -0.0796264 -0.00449155
 0.00815228     0.99975   0.0208109  0.00943763
  0.0794718  -0.0213936    0.996608 -0.00635945
          0           0           0           1
v_world_imu: 0.000539495 0.000524588 0.000922936
frame_28
id: 28
stamp: 1777097561.093275547
T_odom_lidar: 
   0.996807 -0.00643397   -0.079594 -0.00454195
 0.00811442    0.999751   0.0208074  0.00949219
  0.0794403  -0.0213868     0.99661 -0.00633933
          0           0           0           1
T_world_lidar: 
   0.996807 -0.00643397   -0.079594 -0.00454195
 0.00811442    0.999751   0.0208074  0.00949219
  0.0794403  -0.0213868     0.99661 -0.00633933
          0           0           0           1
v_world_imu: 0.000255906 0.000350367 0.000349417
frame_29
id: 29
stamp: 1777097561.193336725
T_odom_lidar: 
   0.996802  -0.0063406  -0.0796623 -0.00451059
 0.00801811    0.999752   0.0207556  0.00950681
   0.079511   -0.021328    0.996606 -0.00654596
          0           0           0           1
T_world_lidar: 
   0.996802  -0.0063406  -0.0796623 -0.00451059
 0.00801811    0.999752   0.0207556  0.00950681
   0.079511   -0.021328    0.996606 -0.00654596
          0           0           0           1
v_world_imu:  0.00038596 0.000456277  0.00163383
frame_30
id: 30
stamp: 1777097561.293504715
T_odom_lidar: 
   0.996808 -0.00634739    -0.07958  -0.0044702
 0.00802578    0.999752   0.0207885  0.00953255
  0.0794283  -0.0213608    0.996612 -0.00635707
          0           0           0           1
T_world_lidar: 
   0.996808 -0.00634739    -0.07958  -0.0044702
 0.00802578    0.999752   0.0207885  0.00953255
  0.0794283  -0.0213608    0.996612 -0.00635707
          0           0           0           1
v_world_imu: 0.000530859 0.000490964  0.00191046
frame_31
id: 31
stamp: 1777097561.393270016
T_odom_lidar: 
   0.996808 -0.00640032  -0.0795737 -0.00441949
 0.00807629    0.999752   0.0207579  0.00957542
  0.0794211  -0.0213343    0.996613 -0.00622081
          0           0           0           1
T_world_lidar: 
   0.996808 -0.00640032  -0.0795737 -0.00441949
 0.00807629    0.999752   0.0207579  0.00957542
  0.0794211  -0.0213343    0.996613 -0.00622081
          0           0           0           1
v_world_imu: 0.000525694 0.000429661  0.00149731
frame_32
id: 32
stamp: 1777097561.493149519
T_odom_lidar: 
    0.99681 -0.00646874  -0.0795427 -0.00440547
 0.00814373    0.999751   0.0207514  0.00959229
  0.0793887   -0.021333    0.996615 -0.00615692
          0           0           0           1
T_world_lidar: 
    0.99681 -0.00646874  -0.0795427 -0.00440547
 0.00814373    0.999751   0.0207514  0.00959229
  0.0793887   -0.021333    0.996615 -0.00615692
          0           0           0           1
v_world_imu:  0.000248733  0.000143866 -0.000199085
frame_33
id: 33
stamp: 1777097561.593138218
T_odom_lidar: 
   0.996815   -0.006475  -0.0794811 -0.00441639
 0.00814511    0.999752   0.0207064   0.0096341
  0.0793274  -0.0212879    0.996621 -0.00610899
          0           0           0           1
T_world_lidar: 
   0.996815   -0.006475  -0.0794811 -0.00441639
 0.00814511    0.999752   0.0207064   0.0096341
  0.0793274  -0.0212879    0.996621 -0.00610899
          0           0           0           1
v_world_imu: 0.000257188 0.000166883 0.000751598
frame_34
id: 34
stamp: 1777097561.693344831
T_odom_lidar: 
   0.996812 -0.00642907  -0.0795313 -0.00435351
 0.00809782    0.999753   0.0206776  0.00966489
  0.0793787  -0.0212558    0.996618 -0.00606283
          0           0           0           1
T_world_lidar: 
   0.996812 -0.00642907  -0.0795313 -0.00435351
 0.00809782    0.999753   0.0206776  0.00966489
  0.0793787  -0.0212558    0.996618 -0.00606283
          0           0           0           1
v_world_imu: 0.000377074 1.64359e-05 0.000940086
frame_35
id: 35
stamp: 1777097561.793214560
T_odom_lidar: 
   0.996811  -0.0064474  -0.0795431  -0.0043355
 0.00811861    0.999753   0.0207046  0.00966944
    0.07939  -0.0212844    0.996616 -0.00603751
          0           0           0           1
T_world_lidar: 
   0.996811  -0.0064474  -0.0795431  -0.0043355
 0.00811861    0.999753   0.0207046  0.00966944
    0.07939  -0.0212844    0.996616 -0.00603751
          0           0           0           1
v_world_imu: 0.000272863 0.000101289 0.000634579
frame_36
id: 36
stamp: 1777097561.894272804
T_odom_lidar: 
   0.996807 -0.00646233   -0.079582 -0.00433758
 0.00813292    0.999753   0.0206858  0.00964996
  0.0794286   -0.021267    0.996614 -0.00600129
          0           0           0           1
T_world_lidar: 
   0.996807 -0.00646233   -0.079582 -0.00433758
 0.00813292    0.999753   0.0206858  0.00964996
  0.0794286   -0.021267    0.996614 -0.00600129
          0           0           0           1
v_world_imu:  7.12457e-05  7.05494e-05 -3.17089e-05
frame_37
id: 37
stamp: 1777097561.993260384
T_odom_lidar: 
   0.996811 -0.00648449  -0.0795372 -0.00439407
 0.00815602    0.999752   0.0207088  0.00962858
  0.0793832  -0.0212915    0.996617 -0.00602473
          0           0           0           1
T_world_lidar: 
   0.996811 -0.00648449  -0.0795372 -0.00439407
 0.00815602    0.999752   0.0207088  0.00962858
  0.0793832  -0.0212915    0.996617 -0.00602473
          0           0           0           1
v_world_imu: -5.84171e-05 -0.000171562 -0.000103205
frame_38
id: 38
stamp: 1777097562.093445301
T_odom_lidar: 
   0.996805 -0.00646516  -0.0796063 -0.00437815
 0.00814012    0.999752   0.0207339  0.00960642
  0.0794525  -0.0213157    0.996611 -0.00609566
          0           0           0           1
T_world_lidar: 
   0.996805 -0.00646516  -0.0796063 -0.00437815
 0.00814012    0.999752   0.0207339  0.00960642
  0.0794525  -0.0213157    0.996611 -0.00609566
          0           0           0           1
v_world_imu:  6.26083e-05  4.10295e-05 -0.000338703
frame_39
id: 39
stamp: 1777097562.193253279
T_odom_lidar: 
   0.996807 -0.00643577  -0.0795867 -0.00441367
 0.00811345    0.999751   0.0207745  0.00956328
  0.0794332  -0.0213538    0.996611  -0.0062357
          0           0           0           1
T_world_lidar: 
   0.996807 -0.00643577  -0.0795867 -0.00441367
 0.00811345    0.999751   0.0207745  0.00956328
  0.0794332  -0.0213538    0.996611  -0.0062357
          0           0           0           1
v_world_imu: -4.54762e-05  4.00382e-05  0.000108599
frame_40
id: 40
stamp: 1777097562.293410301
T_odom_lidar: 
   0.996804 -0.00643763  -0.0796251  -0.0044127
 0.00811761    0.999751    0.020793  0.00955027
  0.0794714  -0.0213729    0.996608 -0.00621541
          0           0           0           1
T_world_lidar: 
   0.996804 -0.00643763  -0.0796251  -0.0044127
 0.00811761    0.999751    0.020793  0.00955027
  0.0794714  -0.0213729    0.996608 -0.00621541
          0           0           0           1
v_world_imu: -0.000280095  0.000147215 -0.000382912
frame_41
id: 41
stamp: 1777097562.393255234
T_odom_lidar: 
   0.996809 -0.00647338  -0.0795607 -0.00448929
 0.00815289     0.99975   0.0208031  0.00954334
  0.0794062  -0.0213853    0.996613 -0.00628292
          0           0           0           1
T_world_lidar: 
   0.996809 -0.00647338  -0.0795607 -0.00448929
 0.00815289     0.99975   0.0208031  0.00954334
  0.0794062  -0.0213853    0.996613 -0.00628292
          0           0           0           1
v_world_imu: -0.000496128  0.000138797 -0.000537619
frame_42
id: 42
stamp: 1777097562.493222475
T_odom_lidar: 
   0.996809 -0.00640287  -0.0795683 -0.00455527
 0.00808529     0.99975   0.0208403  0.00954169
   0.079415  -0.0214171    0.996612 -0.00660017
          0           0           0           1
T_world_lidar: 
   0.996809 -0.00640287  -0.0795683 -0.00455527
 0.00808529     0.99975   0.0208403  0.00954169
   0.079415  -0.0214171    0.996612 -0.00660017
          0           0           0           1
v_world_imu: -0.000552674  0.000182679  0.000434081
frame_43
id: 43
stamp: 1777097562.593339443
T_odom_lidar: 
   0.996813 -0.00639911  -0.0795132 -0.00460131
 0.00807826    0.999751   0.0208142  0.00956901
  0.0793602  -0.0213902    0.996616 -0.00654617
          0           0           0           1
T_world_lidar: 
   0.996813 -0.00639911  -0.0795132 -0.00460131
 0.00807826    0.999751   0.0208142  0.00956901
  0.0793602  -0.0213902    0.996616 -0.00654617
          0           0           0           1
v_world_imu: -0.000651039  0.000127721  0.000616262
frame_44
id: 44
stamp: 1777097562.693281174
T_odom_lidar: 
   0.996814 -0.00642537  -0.0795041 -0.00463955
 0.00810869    0.999749   0.0208681  0.00958477
  0.0793501  -0.0214463    0.996616 -0.00653533
          0           0           0           1
T_world_lidar: 
   0.996814 -0.00642537  -0.0795041 -0.00463955
 0.00810869    0.999749   0.0208681  0.00958477
  0.0793501  -0.0214463    0.996616 -0.00653533
          0           0           0           1
v_world_imu: -0.000831794  8.53206e-05  0.000176706
frame_45
id: 45
stamp: 1777097562.793124676
T_odom_lidar: 
   0.996811 -0.00646518  -0.0795334 -0.00466762
 0.00814821    0.999749    0.020855  0.00961066
  0.0793787  -0.0214365    0.996614 -0.00657215
          0           0           0           1
T_world_lidar: 
   0.996811 -0.00646518  -0.0795334 -0.00466762
 0.00814821    0.999749    0.020855  0.00961066
  0.0793787  -0.0214365    0.996614 -0.00657215
          0           0           0           1
v_world_imu: -0.000889456 -0.000241321  0.000296579
frame_46
id: 46
stamp: 1777097562.893303633
T_odom_lidar: 
   0.996813 -0.00653833  -0.0795002 -0.00477626
  0.0082171     0.99975   0.0208077  0.00964466
  0.0793443  -0.0213947    0.996618 -0.00670249
          0           0           0           1
T_world_lidar: 
   0.996813 -0.00653833  -0.0795002 -0.00477626
  0.0082171     0.99975   0.0208077  0.00964466
  0.0793443  -0.0213947    0.996618 -0.00670249
          0           0           0           1
v_world_imu: -0.00108986 0.000207576  0.00173765
frame_47
id: 47
stamp: 1777097562.992826462
T_odom_lidar: 
    0.99681 -0.00657336  -0.0795391  -0.0048574
 0.00825071     0.99975   0.0207781  0.00966932
  0.0793827  -0.0213681    0.996615 -0.00657853
          0           0           0           1
T_world_lidar: 
    0.99681 -0.00657336  -0.0795391  -0.0048574
 0.00825071     0.99975   0.0207781  0.00966932
  0.0793827  -0.0213681    0.996615 -0.00657853
          0           0           0           1
v_world_imu: -0.000920826 -4.87036e-05   0.00220689
frame_48
id: 48
stamp: 1777097563.093380213
T_odom_lidar: 
   0.996824 -0.00647136  -0.0793784 -0.00506273
 0.00814843     0.99975   0.0208219  0.00962872
  0.0792238  -0.0214025    0.996627 -0.00713971
          0           0           0           1
T_world_lidar: 
   0.996824 -0.00647136  -0.0793784 -0.00506273
 0.00814843     0.99975   0.0208219  0.00962872
  0.0792238  -0.0214025    0.996627 -0.00713971
          0           0           0           1
v_world_imu: -0.000796361 -5.32386e-05   0.00300931
frame_49
id: 49
stamp: 1777097563.193346262
T_odom_lidar: 
    0.99682 -0.00643174  -0.0794289 -0.00510299
 0.00810791    0.999751   0.0207984  0.00965662
  0.0792754  -0.0213762    0.996624  -0.0068952
          0           0           0           1
T_world_lidar: 
    0.99682 -0.00643174  -0.0794289 -0.00510299
 0.00810791    0.999751   0.0207984  0.00965662
  0.0792754  -0.0213762    0.996624  -0.0068952
          0           0           0           1
v_world_imu: -0.000387569  0.000102087   0.00308939
frame_50
id: 50
stamp: 1777097563.294281721
T_odom_lidar: 
   0.996826 -0.00634902  -0.0793523 -0.00516689
 0.00801947    0.999753   0.0207501  0.00971305
  0.0792009  -0.0213206    0.996631 -0.00813344
          0           0           0           1
T_world_lidar: 
   0.996826 -0.00634902  -0.0793523 -0.00516689
 0.00801947    0.999753   0.0207501  0.00971305
  0.0792009  -0.0213206    0.996631 -0.00813344
          0           0           0           1
v_world_imu: -0.000467828  0.000335509  0.000940982
frame_51
id: 51
stamp: 1777097563.393403769
T_odom_lidar: 
    0.99682 -0.00631599  -0.0794339 -0.00520012
 0.00798748    0.999753   0.0207424  0.00977781
  0.0792832   -0.021311    0.996624 -0.00809947
          0           0           0           1
T_world_lidar: 
    0.99682 -0.00631599  -0.0794339 -0.00520012
 0.00798748    0.999753   0.0207424  0.00977781
  0.0792832   -0.021311    0.996624 -0.00809947
          0           0           0           1
v_world_imu: -0.000153765  0.000567821  0.000825086
frame_52
id: 52
stamp: 1777097563.493292570
T_odom_lidar: 
   0.996822 -0.00628345  -0.0794125 -0.00522244
 0.00795423    0.999753   0.0207404  0.00986921
  0.0792626  -0.0213061    0.996626 -0.00806934
          0           0           0           1
T_world_lidar: 
   0.996822 -0.00628345  -0.0794125 -0.00522244
 0.00795423    0.999753   0.0207404  0.00986921
  0.0792626  -0.0213061    0.996626 -0.00806934
          0           0           0           1
v_world_imu: 0.000113055 0.000532374 0.000579528
frame_53
id: 53
stamp: 1777097563.594295263
T_odom_lidar: 
   0.996817 -0.00627839  -0.0794726 -0.00521644
 0.00795131    0.999753   0.0207513  0.00993969
  0.0793227  -0.0213171    0.996621 -0.00805532
          0           0           0           1
T_world_lidar: 
   0.996817 -0.00627839  -0.0794726 -0.00521644
 0.00795131    0.999753   0.0207513  0.00993969
  0.0793227  -0.0213171    0.996621 -0.00805532
          0           0           0           1
v_world_imu: 0.000333666 0.000689146 0.000385855
frame_54
id: 54
stamp: 1777097563.693377495
T_odom_lidar: 
   0.996816 -0.00628594  -0.0794821 -0.00521021
 0.00795292    0.999755   0.0206739   0.0100424
  0.0793326  -0.0212402    0.996622 -0.00805276
          0           0           0           1
T_world_lidar: 
   0.996816 -0.00628594  -0.0794821 -0.00521021
 0.00795292    0.999755   0.0206739   0.0100424
  0.0793326  -0.0212402    0.996622 -0.00805276
          0           0           0           1
v_world_imu:   0.00035805   0.00102459 -0.000104266
frame_55
id: 55
stamp: 1777097563.793308258
T_odom_lidar: 
   0.996819 -0.00631113   -0.079446 -0.00518752
  0.0079788    0.999754   0.0206913   0.0101345
  0.0792959  -0.0212594    0.996624 -0.00805679
          0           0           0           1
T_world_lidar: 
   0.996819 -0.00631113   -0.079446 -0.00518752
  0.0079788    0.999754   0.0206913   0.0101345
  0.0792959  -0.0212594    0.996624 -0.00805679
          0           0           0           1
v_world_imu:   0.00066269   0.00103073 -0.000375549
frame_56
id: 56
stamp: 1777097563.893432856
T_odom_lidar: 
   0.996817 -0.00628853  -0.0794732 -0.00513534
 0.00795584    0.999754   0.0206803   0.0102265
  0.0793236  -0.0212467    0.996622 -0.00810325
          0           0           0           1
T_world_lidar: 
   0.996817 -0.00628853  -0.0794732 -0.00513534
 0.00795584    0.999754   0.0206803   0.0102265
  0.0793236  -0.0212467    0.996622 -0.00810325
          0           0           0           1
v_world_imu:  0.000732795   0.00101652 -0.000672005
frame_57
id: 57
stamp: 1777097563.993366718
T_odom_lidar: 
   0.996818 -0.00630447   -0.079459 -0.00508095
 0.00796523    0.999756   0.0206013   0.0103195
  0.0793097  -0.0211687    0.996625 -0.00816348
          0           0           0           1
T_world_lidar: 
   0.996818 -0.00630447   -0.079459 -0.00508095
 0.00796523    0.999756   0.0206013   0.0103195
  0.0793097  -0.0211687    0.996625 -0.00816348
          0           0           0           1
v_world_imu: 0.000818314  0.00104957 -0.00119491
frame_58
id: 58
stamp: 1777097564.094300032
T_odom_lidar: 
   0.996813 -0.00627237   -0.079523 -0.00500578
 0.00793507    0.999756   0.0206097   0.0103971
  0.0793743   -0.021175     0.99662 -0.00822895
          0           0           0           1
T_world_lidar: 
   0.996813 -0.00627237   -0.079523 -0.00500578
 0.00793507    0.999756   0.0206097   0.0103971
  0.0793743   -0.021175     0.99662 -0.00822895
          0           0           0           1
v_world_imu: 0.000856582 0.000906158 -0.00125362
frame_59
id: 59
stamp: 1777097564.194276094
T_odom_lidar: 
   0.996815 -0.00628386  -0.0795052 -0.00494607
 0.00794894    0.999755   0.0206439   0.0104609
  0.0793561  -0.0212102    0.996621 -0.00831687
          0           0           0           1
T_world_lidar: 
   0.996815 -0.00628386  -0.0795052 -0.00494607
 0.00794894    0.999755   0.0206439   0.0104609
  0.0793561  -0.0212102    0.996621 -0.00831687
          0           0           0           1
v_world_imu: 0.000874529 0.000745441  -0.0009293
frame_60
id: 60
stamp: 1777097564.293303251
T_odom_lidar: 
   0.996808 -0.00626223  -0.0795867 -0.00485998
 0.00793238    0.999755   0.0206864   0.0105024
  0.0794377  -0.0212517    0.996613  -0.0083969
          0           0           0           1
T_world_lidar: 
   0.996808 -0.00626223  -0.0795867 -0.00485998
 0.00793238    0.999755   0.0206864   0.0105024
  0.0794377  -0.0212517    0.996613  -0.0083969
          0           0           0           1
v_world_imu:  0.00066999 0.000348908 -0.00119938
frame_61
id: 61
stamp: 1777097564.393131733
T_odom_lidar: 
   0.996809 -0.00624048  -0.0795765 -0.00481068
 0.00790923    0.999755   0.0206725   0.0105249
   0.079428  -0.0212359    0.996614  -0.0084522
          0           0           0           1
T_world_lidar: 
   0.996809 -0.00624048  -0.0795765 -0.00481068
 0.00790923    0.999755   0.0206725   0.0105249
   0.079428  -0.0212359    0.996614  -0.0084522
          0           0           0           1
v_world_imu:    0.0006536   0.00048321 -0.000874903
frame_62
id: 62
stamp: 1777097564.493074894
T_odom_lidar: 
   0.996803 -0.00618471  -0.0796596 -0.00472685
 0.00785882    0.999754   0.0207194   0.0105457
  0.0795119  -0.0212792    0.996607  -0.0084628
          0           0           0           1
T_world_lidar: 
   0.996803 -0.00618471  -0.0796596 -0.00472685
 0.00785882    0.999754   0.0207194   0.0105457
  0.0795119  -0.0212792    0.996607  -0.0084628
          0           0           0           1
v_world_imu: 0.000405535  0.00041789 -0.00023521
frame_63
id: 63
stamp: 1777097564.593133211
T_odom_lidar: 
   0.996799 -0.00621631  -0.0797065 -0.00467084
 0.00789481    0.999753   0.0207607   0.0105837
  0.0795578  -0.0213235    0.996602 -0.00847053
          0           0           0           1
T_world_lidar: 
   0.996799 -0.00621631  -0.0797065 -0.00467084
 0.00789481    0.999753   0.0207607   0.0105837
  0.0795578  -0.0213235    0.996602 -0.00847053
          0           0           0           1
v_world_imu: 0.000416859 0.000342373 0.000221242
frame_64
id: 64
stamp: 1777097564.693388224
T_odom_lidar: 
   0.996797 -0.00618036  -0.0797311 -0.00463646
  0.0078617    0.999753    0.020791   0.0105855
  0.0795829  -0.0213512      0.9966 -0.00843469
          0           0           0           1
T_world_lidar: 
   0.996797 -0.00618036  -0.0797311 -0.00463646
  0.0078617    0.999753    0.020791   0.0105855
  0.0795829  -0.0213512      0.9966 -0.00843469
          0           0           0           1
v_world_imu: 0.000183753 0.000107633 1.41326e-05
frame_65
id: 65
stamp: 1777097564.792937994
T_odom_lidar: 
   0.996798 -0.00617682  -0.0797227 -0.00463314
 0.00785478    0.999754    0.020751   0.0105795
  0.0795749  -0.0213108    0.996601 -0.00840747
          0           0           0           1
T_world_lidar: 
   0.996798 -0.00617682  -0.0797227 -0.00463314
 0.00785478    0.999754    0.020751   0.0105795
  0.0795749  -0.0213108    0.996601 -0.00840747
          0           0           0           1
v_world_imu: -0.000341132 -5.82474e-05 -0.000160119
frame_66
id: 66
stamp: 1777097564.893398523
T_odom_lidar: 
   0.996799 -0.00618382  -0.0797092 -0.00465087
 0.00786184    0.999754   0.0207552    0.010563
  0.0795612  -0.0213154    0.996602 -0.00840305
          0           0           0           1
T_world_lidar: 
   0.996799 -0.00618382  -0.0797092 -0.00465087
 0.00786184    0.999754   0.0207552    0.010563
  0.0795612  -0.0213154    0.996602 -0.00840305
          0           0           0           1
v_world_imu: -0.000473745 -9.51082e-05   0.00019651
frame_67
id: 67
stamp: 1777097564.993215084
T_odom_lidar: 
   0.996801 -0.00615638   -0.079688 -0.00468382
 0.00783053    0.999755   0.0207133   0.0105609
   0.079541   -0.021271    0.996605 -0.00838655
          0           0           0           1
T_world_lidar: 
   0.996801 -0.00615638   -0.079688 -0.00468382
 0.00783053    0.999755   0.0207133   0.0105609
   0.079541   -0.021271    0.996605 -0.00838655
          0           0           0           1
v_world_imu: -0.000512658 -7.05642e-05  8.20183e-05
frame_68
id: 68
stamp: 1777097565.093297243
T_odom_lidar: 
   0.996808 -0.00615526  -0.0796027 -0.00473495
 0.00782771    0.999755   0.0207151   0.0105738
  0.0794556   -0.021272    0.996611 -0.00836963
          0           0           0           1
T_world_lidar: 
   0.996808 -0.00615526  -0.0796027 -0.00473495
 0.00782771    0.999755   0.0207151   0.0105738
  0.0794556   -0.021272    0.996611 -0.00836963
          0           0           0           1
v_world_imu: -0.000824212  0.000237334  4.57648e-05
frame_69
id: 69
stamp: 1777097565.193236113
T_odom_lidar: 
   0.996813 -0.00618677   -0.079532 -0.00480492
 0.00785579    0.999755   0.0206898    0.010598
  0.0793845  -0.0212486    0.996618 -0.00835304
          0           0           0           1
T_world_lidar: 
   0.996813 -0.00618677   -0.079532 -0.00480492
 0.00785579    0.999755   0.0206898    0.010598
  0.0793845  -0.0212486    0.996618 -0.00835304
          0           0           0           1
v_world_imu: -0.00100219 0.000199112 0.000689962
frame_70
id: 70
stamp: 1777097565.293442011
T_odom_lidar: 
   0.996816 -0.00620671  -0.0794886 -0.00487915
 0.00786932    0.999756   0.0206202   0.0106293
  0.0793413  -0.0211801    0.996622 -0.00833354
          0           0           0           1
T_world_lidar: 
   0.996816 -0.00620671  -0.0794886 -0.00487915
 0.00786932    0.999756   0.0206202   0.0106293
  0.0793413  -0.0211801    0.996622 -0.00833354
          0           0           0           1
v_world_imu: -0.00077141 0.000120871 0.000304454
frame_71
id: 71
stamp: 1777097565.393379211
T_odom_lidar: 
    0.99682 -0.00623669  -0.0794361  -0.0049243
 0.00789335    0.999757   0.0205584   0.0106337
  0.0792886    -0.02112    0.996628 -0.00832795
          0           0           0           1
T_world_lidar: 
    0.99682 -0.00623669  -0.0794361  -0.0049243
 0.00789335    0.999757   0.0205584   0.0106337
  0.0792886    -0.02112    0.996628 -0.00832795
          0           0           0           1
v_world_imu: -0.000360943 -0.000180869  0.000126642
frame_72
id: 72
stamp: 1777097565.494405031
T_odom_lidar: 
   0.996819 -0.00622438  -0.0794551 -0.00494613
 0.00788472    0.999757      0.0206   0.0106026
  0.0793076   -0.021161    0.996626 -0.00833262
          0           0           0           1
T_world_lidar: 
   0.996819 -0.00622438  -0.0794551 -0.00494613
 0.00788472    0.999757      0.0206   0.0106026
  0.0793076   -0.021161    0.996626 -0.00833262
          0           0           0           1
v_world_imu:  -0.00030594 -0.000324222  0.000439631
frame_73
id: 73
stamp: 1777097565.593420982
T_odom_lidar: 
   0.996822  -0.0062164   -0.079419 -0.00495228
 0.00787537    0.999757   0.0205927   0.0105845
  0.0792717  -0.0211527    0.996629 -0.00830671
          0           0           0           1
T_world_lidar: 
   0.996822  -0.0062164   -0.079419 -0.00495228
 0.00787537    0.999757   0.0205927   0.0105845
  0.0792717  -0.0211527    0.996629 -0.00830671
          0           0           0           1
v_world_imu:  0.000234481 -0.000460328  0.000838316
frame_74
id: 74
stamp: 1777097565.693345547
T_odom_lidar: 
   0.996813 -0.00625641  -0.0795227 -0.00490903
 0.00792037    0.999756   0.0206262   0.0105338
  0.0793743  -0.0211903     0.99662 -0.00825627
          0           0           0           1
T_world_lidar: 
   0.996813 -0.00625641  -0.0795227 -0.00490903
 0.00792037    0.999756   0.0206262   0.0105338
  0.0793743  -0.0211903     0.99662 -0.00825627
          0           0           0           1
v_world_imu:  0.000613066 -0.000446039  0.000649622
frame_75
id: 75
stamp: 1777097565.793494940
T_odom_lidar: 
    0.99681 -0.00625902  -0.0795623 -0.00487474
 0.00792533    0.999755    0.020645   0.0104931
  0.0794136  -0.0212097    0.996616 -0.00819109
          0           0           0           1
T_world_lidar: 
    0.99681 -0.00625902  -0.0795623 -0.00487474
 0.00792533    0.999755    0.020645   0.0104931
  0.0794136  -0.0212097    0.996616 -0.00819109
          0           0           0           1
v_world_imu:  0.000481772 -0.000368004  0.000990698
frame_76
id: 76
stamp: 1777097565.894304276
T_odom_lidar: 
    0.99681 -0.00625806  -0.0795633  -0.0048422
 0.00792616    0.999755   0.0206672   0.0104465
  0.0794145  -0.0212319    0.996616 -0.00814002
          0           0           0           1
T_world_lidar: 
    0.99681 -0.00625806  -0.0795633  -0.0048422
 0.00792616    0.999755   0.0206672   0.0104465
