id: 1
T_world_origin: 
 -0.511626  -0.857976  0.0459967  -0.248543
  0.851424  -0.513453   -0.10697   -0.14488
  0.115395 -0.0155658   0.993198 0.00579762
         0          0          0          1
T_origin_endpoint_L: 
  0.649427   0.758305  0.0567219 -0.0785999
 -0.760084   0.645099  0.0782341  -0.200251
 0.0227341 -0.0939207    0.99532 0.00408809
         0          0          0          1
T_origin_endpoint_R: 
  0.643324     -0.765  0.0301551 -0.0863344
  0.763321   0.637884  -0.102204   0.179498
 0.0589502  0.0887681   0.994306  0.0136891
         0          0          0          1
T_lidar_imu: 
     1      0      0  0.006
     0      1      0 -0.012
     0      0      1  0.008
     0      0      0      1
imu_bias: -0.000176608 -0.000253411  -0.00287769  7.28988e-05 -0.000307194   0.00106909
frame_id: 2
num_frames: 50
frame_0
id: 282
stamp: 1777101506.763078690
T_odom_lidar: 
   0.320916   -0.945768  -0.0503619  -0.0492026
   0.940774    0.324458  -0.0983443   -0.110384
   0.109351   -0.015819    0.993877 -0.00489199
          0           0           0           1
T_world_lidar: 
   0.320916   -0.945768  -0.0503619  -0.0492026
   0.940774    0.324458  -0.0983443   -0.110384
   0.109351   -0.015819    0.993877 -0.00489199
          0           0           0           1
v_world_imu:  -0.0796147  0.00716795 0.000336496
frame_1
id: 283
stamp: 1777101506.862981796
T_odom_lidar: 
   0.285489   -0.957234  -0.0468986   -0.059396
   0.951982    0.288889   -0.101363   -0.111213
   0.110576  -0.0157086    0.993743 -0.00466754
          0           0           0           1
T_world_lidar: 
   0.285489   -0.957234  -0.0468986   -0.059396
   0.951982    0.288889   -0.101363   -0.111213
   0.110576  -0.0157086    0.993743 -0.00466754
          0           0           0           1
v_world_imu:   -0.123483 -0.00520916  0.00106103
frame_2
id: 284
stamp: 1777101506.963055611
T_odom_lidar: 
   0.247206   -0.967922  -0.0448947  -0.0713576
   0.962569    0.250625   -0.103188   -0.110732
    0.11113  -0.0177055    0.993648 -0.00462927
          0           0           0           1
T_world_lidar: 
   0.247206   -0.967922  -0.0448947  -0.0713576
   0.962569    0.250625   -0.103188   -0.110732
    0.11113  -0.0177055    0.993648 -0.00462927
          0           0           0           1
v_world_imu:   -0.115079   0.0128243 0.000732665
frame_3
id: 285
stamp: 1777101507.063034296
T_odom_lidar: 
   0.210393   -0.976712  -0.0420547  -0.0814416
   0.971228    0.213735    -0.10504   -0.109382
   0.111583  -0.0187449    0.993578 -0.00476347
          0           0           0           1
T_world_lidar: 
   0.210393   -0.976712  -0.0420547  -0.0814416
   0.971228    0.213735    -0.10504   -0.109382
   0.111583  -0.0187449    0.993578 -0.00476347
          0           0           0           1
v_world_imu:   -0.0918875    0.0136534 -0.000208681
frame_4
id: 286
stamp: 1777101507.162975073
T_odom_lidar: 
   0.172896   -0.984188  -0.0384942  -0.0908915
   0.978514    0.176094   -0.107246   -0.109264
   0.112329  -0.0191246    0.993487 -0.00484321
          0           0           0           1
T_world_lidar: 
   0.172896   -0.984188  -0.0384942  -0.0908915
   0.978514    0.176094   -0.107246   -0.109264
   0.112329  -0.0191246    0.993487 -0.00484321
          0           0           0           1
v_world_imu:   -0.0901979   0.00323505 -0.000688162
frame_5
id: 287
stamp: 1777101507.263222694
T_odom_lidar: 
   0.135799   -0.990152  -0.0340325  -0.0995012
   0.984315    0.138744   -0.108965   -0.109343
   0.112614  -0.0187013    0.993463 -0.00505461
          0           0           0           1
T_world_lidar: 
   0.135799   -0.990152  -0.0340325  -0.0995012
   0.984315    0.138744   -0.108965   -0.109343
   0.112614  -0.0187013    0.993463 -0.00505461
          0           0           0           1
v_world_imu:   -0.0915541    0.0111711 -0.000317801
frame_6
id: 288
stamp: 1777101507.362988710
T_odom_lidar: 
   0.101212   -0.994408  -0.0301605    -0.10832
   0.988431    0.103954   -0.110444   -0.109174
   0.112962  -0.0186333    0.993425 -0.00527653
          0           0           0           1
T_world_lidar: 
   0.101212   -0.994408  -0.0301605    -0.10832
   0.988431    0.103954   -0.110444   -0.109174
   0.112962  -0.0186333    0.993425 -0.00527653
          0           0           0           1
v_world_imu:   -0.0878616   0.00764145 -0.000564328
frame_7
id: 289
stamp: 1777101507.463137388
T_odom_lidar: 
  0.0661996   -0.997453  -0.0265443   -0.117446
   0.991392   0.0687623   -0.111414   -0.109081
   0.112956  -0.0189402    0.993419 -0.00559143
          0           0           0           1
T_world_lidar: 
  0.0661996   -0.997453  -0.0265443   -0.117446
   0.991392   0.0687623   -0.111414   -0.109081
   0.112956  -0.0189402    0.993419 -0.00559143
          0           0           0           1
v_world_imu:   -0.090162  0.00399786 -0.00163763
frame_8
id: 290
stamp: 1777101507.562349319
T_odom_lidar: 
  0.0311769   -0.999266  -0.0222814   -0.126174
   0.993059   0.0334972   -0.112747   -0.109436
   0.113411  -0.0186116    0.993374 -0.00585099
          0           0           0           1
T_world_lidar: 
  0.0311769   -0.999266  -0.0222814   -0.126174
   0.993059   0.0334972   -0.112747   -0.109436
   0.113411  -0.0186116    0.993374 -0.00585099
          0           0           0           1
v_world_imu:   -0.099658  0.00226267 -0.00469465
frame_9
id: 291
stamp: 1777101507.662095547
T_odom_lidar: 
 0.00167071   -0.999795   -0.020179   -0.135061
   0.993584  0.00394159   -0.113028   -0.109117
   0.113084  -0.0198607    0.993387 -0.00620753
          0           0           0           1
T_world_lidar: 
 0.00167071   -0.999795   -0.020179   -0.135061
   0.993584  0.00394159   -0.113028   -0.109117
   0.113084  -0.0198607    0.993387 -0.00620753
          0           0           0           1
v_world_imu:  -0.0781455  0.00732494 -0.00315408
frame_10
id: 292
stamp: 1777101507.763070822
T_odom_lidar: 
 -0.0231581   -0.999635  -0.0139281   -0.140309
   0.993424  -0.0214471   -0.112471   -0.106629
   0.112131  -0.0164411    0.993557 -0.00652648
          0           0           0           1
T_world_lidar: 
 -0.0231581   -0.999635  -0.0139281   -0.140309
   0.993424  -0.0214471   -0.112471   -0.106629
   0.112131  -0.0164411    0.993557 -0.00652648
          0           0           0           1
v_world_imu: -0.0554319    0.01981 0.00272647
frame_11
id: 293
stamp: 1777101507.863265276
T_odom_lidar: 
 -0.0585723   -0.998226  -0.0107091   -0.152325
   0.992215   -0.057032   -0.110706   -0.107237
   0.109899  -0.0171101    0.993795 -0.00728392
          0           0           0           1
T_world_lidar: 
 -0.0585723   -0.998226  -0.0107091   -0.152325
   0.992215   -0.057032   -0.110706   -0.107237
   0.109899  -0.0171101    0.993795 -0.00728392
          0           0           0           1
v_world_imu: -0.173059 -0.107126 -0.004011
frame_12
id: 294
stamp: 1777101507.963174582
T_odom_lidar: 
  -0.092946   -0.995612  -0.0108361   -0.164843
    0.98946  -0.0911469   -0.112524   -0.112837
   0.111042  -0.0211805     0.99359 -0.00738721
          0           0           0           1
T_world_lidar: 
  -0.092946   -0.995612  -0.0108361   -0.164843
    0.98946  -0.0911469   -0.112524   -0.112837
   0.111042  -0.0211805     0.99359 -0.00738721
          0           0           0           1
v_world_imu: 0.000538103   0.0138964  0.00167211
frame_13
id: 295
stamp: 1777101508.062370777
T_odom_lidar: 
  -0.120278   -0.992728 -0.00488876   -0.168026
   0.986587   -0.118983   -0.111753   -0.111599
   0.110358  -0.0182645    0.993724 -0.00698868
          0           0           0           1
T_world_lidar: 
  -0.120278   -0.992728 -0.00488876   -0.168026
   0.986587   -0.118983   -0.111753   -0.111599
   0.110358  -0.0182645    0.993724 -0.00698868
          0           0           0           1
v_world_imu:  -0.0446302 -0.00651048  0.00526355
frame_14
id: 296
stamp: 1777101508.162199736
T_odom_lidar: 
   -0.157783    -0.987474 -0.000728008    -0.175821
    0.981154     -0.15669    -0.113074    -0.115867
    0.111543   -0.0185554     0.993586  -0.00637251
           0            0            0            1
T_world_lidar: 
   -0.157783    -0.987474 -0.000728008    -0.175821
    0.981154     -0.15669    -0.113074    -0.115867
    0.111543   -0.0185554     0.993586  -0.00637251
           0            0            0            1
v_world_imu:  -0.080003 -0.0466499  0.0121842
frame_15
id: 297
stamp: 1777101508.263213873
T_odom_lidar: 
  -0.195897   -0.980619  0.00321591     -0.1848
   0.974145   -0.194978   -0.114127   -0.120236
   0.112542  -0.0192244    0.993461 -0.00586613
          0           0           0           1
T_world_lidar: 
  -0.195897   -0.980619  0.00321591     -0.1848
   0.974145   -0.194978   -0.114127   -0.120236
   0.112542  -0.0192244    0.993461 -0.00586613
          0           0           0           1
v_world_imu: -0.0822955  -0.028513 0.00342687
frame_16
id: 298
stamp: 1777101508.363098383
T_odom_lidar: 
  -0.229275   -0.973331  0.00776788   -0.192462
   0.966816    -0.22865   -0.113955   -0.122727
   0.112692  -0.0186169    0.993456 -0.00541319
          0           0           0           1
T_world_lidar: 
  -0.229275   -0.973331  0.00776788   -0.192462
   0.966816    -0.22865   -0.113955   -0.122727
   0.112692  -0.0186169    0.993456 -0.00541319
          0           0           0           1
v_world_imu: -0.0860449 -0.0198303 0.00543554
frame_17
id: 299
stamp: 1777101508.462249756
T_odom_lidar: 
 -0.260121  -0.965508    0.01143  -0.199951
  0.959007  -0.259711  -0.113386  -0.124616
  0.112443 -0.0185325   0.993485 -0.0050252
         0          0          0          1
T_world_lidar: 
 -0.260121  -0.965508    0.01143  -0.199951
  0.959007  -0.259711  -0.113386  -0.124616
  0.112443 -0.0185325   0.993485 -0.0050252
         0          0          0          1
v_world_imu: -0.0817521 -0.0200849 0.00396203
frame_18
id: 300
stamp: 1777101508.563143730
T_odom_lidar: 
  -0.293204   -0.955918   0.0159121   -0.207198
    0.94938   -0.293081   -0.113053   -0.127734
   0.112733  -0.0180409    0.993462 -0.00459019
          0           0           0           1
T_world_lidar: 
  -0.293204   -0.955918   0.0159121   -0.207198
    0.94938   -0.293081   -0.113053   -0.127734
   0.112733  -0.0180409    0.993462 -0.00459019
          0           0           0           1
v_world_imu: -0.0730851 -0.0342066 0.00250298
frame_19
id: 301
stamp: 1777101508.662437439
T_odom_lidar: 
  -0.320845   -0.946932   0.0194337   -0.213657
   0.940338    -0.32093   -0.112994   -0.131033
   0.113235  -0.0179794    0.993406 -0.00421123
          0           0           0           1
T_world_lidar: 
  -0.320845   -0.946932   0.0194337   -0.213657
   0.940338    -0.32093   -0.112994   -0.131033
   0.113235  -0.0179794    0.993406 -0.00421123
          0           0           0           1
v_world_imu: -0.0678444 -0.0274051 0.00414944
frame_20
id: 302
stamp: 1777101508.763176203
T_odom_lidar: 
  -0.352261   -0.935603   0.0236372   -0.220605
   0.928965   -0.352608   -0.112655   -0.134414
   0.113735  -0.0177259    0.993353 -0.00405548
          0           0           0           1
T_world_lidar: 
  -0.352261   -0.935603   0.0236372   -0.220605
   0.928965   -0.352608   -0.112655   -0.134414
   0.113735  -0.0177259    0.993353 -0.00405548
          0           0           0           1
v_world_imu:  -0.062951 -0.0290651 0.00251416
frame_21
id: 303
stamp: 1777101508.863213539
T_odom_lidar: 
  -0.381927   -0.923761   0.0282492   -0.226607
   0.917089   -0.382597   -0.112105   -0.138019
   0.114366  -0.0169088    0.993295 -0.00370672
          0           0           0           1
T_world_lidar: 
  -0.381927   -0.923761   0.0282492   -0.226607
   0.917089   -0.382597   -0.112105   -0.138019
   0.114366  -0.0169088    0.993295 -0.00370672
          0           0           0           1
v_world_imu:   -0.0712213   -0.0421272 -8.33995e-05
frame_22
id: 304
stamp: 1777101508.962418079
T_odom_lidar: 
  -0.415779   -0.908869   0.0329457   -0.234046
   0.902199   -0.416756   -0.111133   -0.142139
   0.114736  -0.0164832    0.993259 -0.00352837
          0           0           0           1
T_world_lidar: 
  -0.415779   -0.908869   0.0329457   -0.234046
   0.902199   -0.416756   -0.111133   -0.142139
   0.114736  -0.0164832    0.993259 -0.00352837
          0           0           0           1
v_world_imu: -0.0881114 -0.0401337 0.00103871
frame_23
id: 305
stamp: 1777101509.062369108
T_odom_lidar: 
  -0.447904   -0.893365   0.0357921   -0.242941
   0.886747   -0.448991   -0.109944   -0.146127
    0.11429  -0.0175058    0.993293 -0.00340622
          0           0           0           1
T_world_lidar: 
  -0.447904   -0.893365   0.0357921   -0.242941
   0.886747   -0.448991   -0.109944   -0.146127
    0.11429  -0.0175058    0.993293 -0.00340622
          0           0           0           1
v_world_imu: -0.0895232 -0.0346109 0.00193185
frame_24
id: 306
stamp: 1777101509.162510157
T_odom_lidar: 
  -0.480863   -0.875847   0.0407668   -0.250619
   0.869292   -0.482302   -0.108238   -0.150385
   0.114462  -0.0166096    0.993289 -0.00333443
          0           0           0           1
T_world_lidar: 
  -0.480863   -0.875847   0.0407668   -0.250619
   0.869292   -0.482302   -0.108238   -0.150385
   0.114462  -0.0166096    0.993289 -0.00333443
          0           0           0           1
v_world_imu: -0.0632166 -0.0451165 0.00240706
frame_25
id: 307
stamp: 1777101509.262017488
T_odom_lidar: 
  -0.511626   -0.857976   0.0459967   -0.256137
   0.851424   -0.513453    -0.10697   -0.155294
   0.115395  -0.0155658    0.993198 -0.00302712
          0           0           0           1
T_world_lidar: 
  -0.511626   -0.857976   0.0459967   -0.256137
   0.851424   -0.513453    -0.10697   -0.155294
   0.115395  -0.0155658    0.993198 -0.00302712
          0           0           0           1
v_world_imu: -0.0521621 -0.0455364 0.00303069
frame_26
id: 308
stamp: 1777101509.363284826
T_odom_lidar: 
 -0.541696  -0.839052  0.0505748    -0.2623
  0.832577   -0.54385  -0.105083  -0.159561
  0.115676 -0.0148158   0.993177 -0.0027835
         0          0          0          1
T_world_lidar: 
 -0.541696  -0.839052  0.0505748    -0.2623
  0.832577   -0.54385  -0.105083  -0.159561
  0.115676 -0.0148158   0.993177 -0.0027835
         0          0          0          1
v_world_imu: -0.0710669 -0.0358796 0.00261259
frame_27
id: 309
stamp: 1777101509.563269377
T_odom_lidar: 
  -0.599778   -0.798147   0.0568166   -0.277251
   0.791924   -0.602267    -0.10065   -0.168405
   0.114553  -0.0153734    0.993298 -0.00224039
          0           0           0           1
T_world_lidar: 
  -0.599778   -0.798147   0.0568166   -0.277251
   0.791924   -0.602267    -0.10065   -0.168405
   0.114553  -0.0153734    0.993298 -0.00224039
          0           0           0           1
v_world_imu: -0.0719547 -0.0493798 0.00141508
frame_28
id: 310
stamp: 1777101509.663266182
T_odom_lidar: 
  -0.626112   -0.777422   0.0599886    -0.28328
    0.77123    -0.62878  -0.0991943   -0.174323
   0.114835  -0.0158417    0.993258 -0.00189526
          0           0           0           1
T_world_lidar: 
  -0.626112   -0.777422   0.0599886    -0.28328
    0.77123    -0.62878  -0.0991943   -0.174323
   0.114835  -0.0158417    0.993258 -0.00189526
          0           0           0           1
v_world_imu: -0.0565673 -0.0614428 0.00567648
frame_29
id: 311
stamp: 1777101509.762437344
T_odom_lidar: 
  -0.653166   -0.754499   0.0640816   -0.288361
   0.748379   -0.656119   -0.097147   -0.180464
   0.115342  -0.0154957    0.993205 -0.00140775
          0           0           0           1
T_world_lidar: 
  -0.653166   -0.754499   0.0640816   -0.288361
   0.748379   -0.656119   -0.097147   -0.180464
   0.115342  -0.0154957    0.993205 -0.00140775
          0           0           0           1
v_world_imu:  -0.055495 -0.0532568 0.00422197
frame_30
id: 312
stamp: 1777101509.862221718
T_odom_lidar: 
   -0.67749   -0.732339   0.0684666   -0.292524
   0.726369   -0.680792  -0.0943941    -0.18547
    0.11574   -0.014219    0.993178 -0.00098414
          0           0           0           1
T_world_lidar: 
   -0.67749   -0.732339   0.0684666   -0.292524
   0.726369   -0.680792  -0.0943941    -0.18547
    0.11574   -0.014219    0.993178 -0.00098414
          0           0           0           1
v_world_imu: -0.0456202 -0.0501158 0.00335768
frame_31
id: 313
stamp: 1777101509.962250948
T_odom_lidar: 
   -0.704327    -0.706088    0.0732346    -0.296965
    0.700336    -0.708011   -0.0908323     -0.19124
    0.115986   -0.0126868      0.99317 -0.000657071
           0            0            0            1
T_world_lidar: 
   -0.704327    -0.706088    0.0732346    -0.296965
    0.700336    -0.708011   -0.0908323     -0.19124
    0.115986   -0.0126868      0.99317 -0.000657071
           0            0            0            1
v_world_imu: -0.0552668 -0.0708643 0.00182337
frame_32
id: 314
stamp: 1777101510.062389851
T_odom_lidar: 
   -0.729352     -0.67993    0.0757664    -0.302387
    0.674159    -0.733139   -0.0895384    -0.199716
    0.116427   -0.0142263     0.993097 -0.000523332
           0            0            0            1
T_world_lidar: 
   -0.729352     -0.67993    0.0757664    -0.302387
    0.674159    -0.733139   -0.0895384    -0.199716
    0.116427   -0.0142263     0.993097 -0.000523332
           0            0            0            1
v_world_imu: -0.0593597 -0.0827549 0.00243202
frame_33
id: 315
stamp: 1777101510.162230015
T_odom_lidar: 
   -0.751884    -0.654635    0.0782482     -0.30825
    0.648905    -0.755792   -0.0877488    -0.207335
    0.116583   -0.0152013     0.993065 -0.000542153
           0            0            0            1
T_world_lidar: 
   -0.751884    -0.654635    0.0782482     -0.30825
    0.648905    -0.755792   -0.0877488    -0.207335
    0.116583   -0.0152013     0.993065 -0.000542153
           0            0            0            1
v_world_imu: -0.0513481 -0.0664184 0.00344482
frame_34
id: 316
stamp: 1777101510.261944532
T_odom_lidar: 
   -0.770792    -0.631986    0.0804612    -0.312755
    0.626422    -0.774832   -0.0850354    -0.213035
    0.116085    -0.015142     0.993124 -0.000270813
           0            0            0            1
T_world_lidar: 
   -0.770792    -0.631986    0.0804612    -0.312755
    0.626422    -0.774832   -0.0850354    -0.213035
    0.116085    -0.015142     0.993124 -0.000270813
           0            0            0            1
v_world_imu:  -0.0478768  -0.0506006 0.000565757
frame_35
id: 317
stamp: 1777101510.362547398
T_odom_lidar: 
  -0.789395   -0.608006   0.0847568   -0.315879
   0.602764   -0.793832  -0.0806585   -0.216902
   0.116324  -0.0125831    0.993132 -0.00015131
          0           0           0           1
T_world_lidar: 
  -0.789395   -0.608006   0.0847568   -0.315879
   0.602764   -0.793832  -0.0806585   -0.216902
   0.116324  -0.0125831    0.993132 -0.00015131
          0           0           0           1
v_world_imu: -0.0322694 -0.0432862 0.00284755
frame_36
id: 318
stamp: 1777101510.462296247
T_odom_lidar: 
   -0.809674    -0.580231    0.0880907    -0.319501
    0.575144     -0.81436   -0.0776282     -0.22312
     0.11678   -0.0121887     0.993083 -0.000158815
           0            0            0            1
T_world_lidar: 
   -0.809674    -0.580231    0.0880907    -0.319501
    0.575144     -0.81436   -0.0776282     -0.22312
     0.11678   -0.0121887     0.993083 -0.000158815
           0            0            0            1
v_world_imu: -0.0441765 -0.0775525 0.00267951
frame_37
id: 319
stamp: 1777101510.562556744
T_odom_lidar: 
  -0.829559   -0.550936   0.0911116   -0.323945
    0.54594   -0.834453   -0.075084   -0.230155
   0.117395  -0.0125452    0.993006 -0.00022143
          0           0           0           1
T_world_lidar: 
  -0.829559   -0.550936   0.0911116   -0.323945
    0.54594   -0.834453   -0.075084   -0.230155
   0.117395  -0.0125452    0.993006 -0.00022143
          0           0           0           1
v_world_imu:  -0.047622 -0.0750268 0.00335693
frame_38
id: 320
stamp: 1777101510.662397385
T_odom_lidar: 
  -0.847599     -0.5223   0.0936955   -0.327895
   0.517508   -0.852674  -0.0716465   -0.236898
   0.117313  -0.0122394     0.99302 6.52386e-05
          0           0           0           1
T_world_lidar: 
  -0.847599     -0.5223   0.0936955   -0.327895
   0.517508   -0.852674  -0.0716465   -0.236898
   0.117313  -0.0122394     0.99302 6.52386e-05
          0           0           0           1
v_world_imu: -0.0410978 -0.0641023 0.00519805
frame_39
id: 321
stamp: 1777101510.762337446
T_odom_lidar: 
   -0.86581    -0.49095    0.096646   -0.331517
   0.486341   -0.871104  -0.0681876   -0.244159
   0.117665  -0.0120346     0.99298 0.000165319
          0           0           0           1
T_world_lidar: 
   -0.86581    -0.49095    0.096646   -0.331517
   0.486341   -0.871104  -0.0681876   -0.244159
   0.117665  -0.0120346     0.99298 0.000165319
          0           0           0           1
v_world_imu: -0.0333131 -0.0742593 0.00468163
frame_40
id: 322
stamp: 1777101510.862197638
T_odom_lidar: 
  -0.881925   -0.460788   0.0994071   -0.334586
   0.456401   -0.887436  -0.0644643   -0.251603
   0.117922  -0.0114831    0.992956 0.000323205
          0           0           0           1
T_world_lidar: 
  -0.881925   -0.460788   0.0994071   -0.334586
   0.456401   -0.887436  -0.0644643   -0.251603
   0.117922  -0.0114831    0.992956 0.000323205
          0           0           0           1
v_world_imu: -0.0346481  -0.077794 0.00127765
frame_41
id: 323
stamp: 1777101510.962525129
T_odom_lidar: 
  -0.896307   -0.431705    0.101313   -0.338515
   0.427588   -0.901949  -0.0604617   -0.258454
   0.117481   -0.010872    0.993016 0.000429147
          0           0           0           1
T_world_lidar: 
  -0.896307   -0.431705    0.101313   -0.338515
   0.427588   -0.901949  -0.0604617   -0.258454
   0.117481   -0.010872    0.993016 0.000429147
          0           0           0           1
v_world_imu: -0.0424125 -0.0653522 0.00262801
frame_42
id: 324
stamp: 1777101511.062101841
T_odom_lidar: 
   -0.91145   -0.398022    0.104104   -0.344158
   0.394124   -0.917316  -0.0565527   -0.264956
   0.118005  -0.0105153    0.992957 -0.00104167
          0           0           0           1
T_world_lidar: 
   -0.91145   -0.398022    0.104104   -0.344158
   0.394124   -0.917316  -0.0565527   -0.264956
   0.118005  -0.0105153    0.992957 -0.00104167
          0           0           0           1
v_world_imu: -0.0444589 -0.0875968 0.00326718
frame_43
id: 325
stamp: 1777101511.162088156
T_odom_lidar: 
  -0.926117   -0.362003    0.106119   -0.347465
   0.358323   -0.932116  -0.0525763   -0.274227
   0.117948   -0.010667    0.992962 -0.00214636
          0           0           0           1
T_world_lidar: 
  -0.926117   -0.362003    0.106119   -0.347465
   0.358323   -0.932116  -0.0525763   -0.274227
   0.117948   -0.010667    0.992962 -0.00214636
          0           0           0           1
v_world_imu:  -0.0323079   -0.101734 0.000177026
frame_44
id: 326
stamp: 1777101511.262035847
T_odom_lidar: 
  -0.939981   -0.323307    0.109126   -0.349313
    0.31986   -0.946237  -0.0482241   -0.284317
   0.118851  -0.0104246    0.992857 -0.00229037
          0           0           0           1
T_world_lidar: 
  -0.939981   -0.323307    0.109126   -0.349313
    0.31986   -0.946237  -0.0482241   -0.284317
   0.118851  -0.0104246    0.992857 -0.00229037
          0           0           0           1
v_world_imu:   -0.019136   -0.102357 -0.00387601
frame_45
id: 327
stamp: 1777101511.362364054
T_odom_lidar: 
  -0.951398   -0.287122     0.11137   -0.350759
   0.283926    -0.95784  -0.0439095   -0.293389
   0.119282  -0.0101546    0.992809 -0.00259948
          0           0           0           1
T_world_lidar: 
  -0.951398   -0.287122     0.11137   -0.350759
   0.283926    -0.95784  -0.0439095   -0.293389
   0.119282  -0.0101546    0.992809 -0.00259948
          0           0           0           1
v_world_imu:  -0.0237128  -0.0815106 -0.00434983
frame_46
id: 328
stamp: 1777101511.462368011
T_odom_lidar: 
  -0.960419   -0.254647     0.11292   -0.352765
   0.251695   -0.966983  -0.0399189   -0.300858
   0.119357 -0.00991752    0.992802 -0.00267965
          0           0           0           1
T_world_lidar: 
  -0.960419   -0.254647     0.11292   -0.352765
   0.251695   -0.966983  -0.0399189   -0.300858
   0.119357 -0.00991752    0.992802 -0.00267965
          0           0           0           1
v_world_imu: -0.0221099 -0.0661725 0.00129281
frame_47
id: 329
stamp: 1777101511.562693834
T_odom_lidar: 
  -0.968539   -0.220772    0.114857   -0.353879
   0.218116   -0.975282  -0.0353596   -0.308187
   0.119824 -0.00919506    0.992753 -0.00242473
          0           0           0           1
T_world_lidar: 
  -0.968539   -0.220772    0.114857   -0.353879
   0.218116   -0.975282  -0.0353596   -0.308187
   0.119824 -0.00919506    0.992753 -0.00242473
          0           0           0           1
v_world_imu: -0.00901839  -0.0758452  0.00327361
frame_48
id: 330
stamp: 1777101511.662277937
T_odom_lidar: 
  -0.975332   -0.187482    0.116521   -0.354212
   0.184988   -0.982221  -0.0319649   -0.316145
   0.120442 -0.00962151    0.992674  -0.0022833
          0           0           0           1
T_world_lidar: 
  -0.975332   -0.187482    0.116521   -0.354212
   0.184988   -0.982221  -0.0319649   -0.316145
   0.120442 -0.00962151    0.992674  -0.0022833
          0           0           0           1
v_world_imu: -0.00519363  -0.0743718  0.00332356
frame_49
id: 331
stamp: 1777101511.762200594
T_odom_lidar: 
  -0.981341   -0.151813    0.117995   -0.354625
   0.149506   -0.988358  -0.0282092   -0.324547
   0.120904  -0.0100418    0.992613 -0.00214977
          0           0           0           1
T_world_lidar: 
  -0.981341   -0.151813    0.117995   -0.354625
   0.149506   -0.988358  -0.0282092   -0.324547
   0.120904  -0.0100418    0.992613 -0.00214977
          0           0           0           1
v_world_imu: -0.0119344 -0.0774919 0.00136799
