id: 0
T_world_origin: 
 -0.307219  -0.951614 0.00684966    16.6689
  0.943513  -0.305527  -0.128203    11.7111
  0.124092 -0.0329237   0.991724   -25.9129
         0          0          0          1
T_origin_endpoint_L: 
-0.284158  0.942246  0.177278  -2.71213
-0.952323 -0.298797 0.0616533   18.5862
 0.111063 -0.151307  0.982228   27.0839
        0         0         0         1
T_origin_endpoint_R: 
-0.157019   0.97892  0.130617  -3.16295
-0.978742 -0.171914   0.11185   2.42604
 0.131948 -0.110278  0.985103  0.158692
        0         0         0         1
T_lidar_imu: 
     1      0      0  0.006
     0      1      0 -0.012
     0      0      1  0.008
     0      0      0      1
imu_bias:  -0.0228407  -0.0268582  -0.0236825 -0.00214264 -0.00111129  0.00385267
frame_id: 2
num_frames: 7661
frame_0
id: 0
stamp: 1777101268.905526876
T_odom_lidar: 
   0.994304 -0.00617324   -0.106406 -0.00443827
 0.00861498     0.99971   0.0225031   0.0131452
   0.106236  -0.0232916    0.994068  -0.0105572
          0           0           0           1
T_world_lidar: 
   0.994304 -0.00617324   -0.106406 -0.00443827
 0.00861498     0.99971   0.0225031   0.0131452
   0.106236  -0.0232916    0.994068  -0.0105572
          0           0           0           1
v_world_imu:  0.00354816 -0.00308003   0.0252179
frame_1
id: 1
stamp: 1777101269.005529881
T_odom_lidar: 
   0.994299  -0.0061256   -0.106456 -0.00411389
 0.00855593    0.999713   0.0223878   0.0128781
   0.106288   -0.023171    0.994065 -0.00832463
          0           0           0           1
T_world_lidar: 
   0.994299  -0.0061256   -0.106456 -0.00411389
 0.00855593    0.999713   0.0223878   0.0128781
   0.106288   -0.023171    0.994065 -0.00832463
          0           0           0           1
v_world_imu:  0.00315373 -0.00243198   0.0192838
frame_2
id: 2
stamp: 1777101269.105837345
T_odom_lidar: 
     0.9943 -0.00611252   -0.106439 -0.00384542
 0.00854103    0.999713    0.022375   0.0126908
   0.106272  -0.0231566    0.994067 -0.00649902
          0           0           0           1
T_world_lidar: 
     0.9943 -0.00611252   -0.106439 -0.00384542
 0.00854103    0.999713    0.022375   0.0126908
   0.106272  -0.0231566    0.994067 -0.00649902
          0           0           0           1
v_world_imu:  0.00250181 -0.00189497   0.0149348
frame_3
id: 3
stamp: 1777101269.205778360
T_odom_lidar: 
   0.994307 -0.00607174    -0.10638 -0.00367695
 0.00848095    0.999717   0.0222094   0.0125117
   0.106215  -0.0229852    0.994077 -0.00505268
          0           0           0           1
T_world_lidar: 
   0.994307 -0.00607174    -0.10638 -0.00367695
 0.00848095    0.999717   0.0222094   0.0125117
   0.106215  -0.0229852    0.994077 -0.00505268
          0           0           0           1
v_world_imu:  0.00175077 -0.00150006   0.0111991
frame_4
id: 4
stamp: 1777101269.305788517
T_odom_lidar: 
   0.994315 -0.00605683   -0.106308 -0.00356803
 0.00845981    0.999718   0.0221676   0.0124087
   0.106143  -0.0229409    0.994086 -0.00397571
          0           0           0           1
T_world_lidar: 
   0.994315 -0.00605683   -0.106308 -0.00356803
 0.00845981    0.999718   0.0221676   0.0124087
   0.106143  -0.0229409    0.994086 -0.00397571
          0           0           0           1
v_world_imu:  0.00134631 -0.00124165   0.0074498
frame_5
id: 5
stamp: 1777101269.405809402
T_odom_lidar: 
   0.994328 -0.00604976   -0.106185 -0.00353633
 0.00844907    0.999719   0.0221601   0.0122386
   0.106022  -0.0229316    0.994099 -0.00325722
          0           0           0           1
T_world_lidar: 
   0.994328 -0.00604976   -0.106185 -0.00353633
 0.00844907    0.999719   0.0221601   0.0122386
   0.106022  -0.0229316    0.994099 -0.00325722
          0           0           0           1
v_world_imu:  0.000921145 -0.000928431   0.00441583
frame_6
id: 6
stamp: 1777101269.505555868
T_odom_lidar: 
   0.994344 -0.00602057   -0.106038  -0.0035238
 0.00839929    0.999723   0.0220004   0.0122484
   0.105876  -0.0227666    0.994119 -0.00287928
          0           0           0           1
T_world_lidar: 
   0.994344 -0.00602057   -0.106038  -0.0035238
 0.00839929    0.999723   0.0220004   0.0122484
   0.105876  -0.0227666    0.994119 -0.00287928
          0           0           0           1
v_world_imu:  0.000871524 -0.000788179   0.00255771
frame_7
id: 7
stamp: 1777101269.605884314
T_odom_lidar: 
   0.994348 -0.00597825      -0.106 -0.00346574
 0.00835503    0.999723   0.0219926   0.0121755
   0.105839  -0.0227539    0.994123 -0.00276607
          0           0           0           1
T_world_lidar: 
   0.994348 -0.00597825      -0.106 -0.00346574
 0.00835503    0.999723   0.0219926   0.0121755
   0.105839  -0.0227539    0.994123 -0.00276607
          0           0           0           1
v_world_imu:  0.000754717 -0.000350372  0.000685564
frame_8
id: 8
stamp: 1777101269.705534458
T_odom_lidar: 
   0.994356  -0.0059455   -0.105932 -0.00344377
 0.00831814    0.999724   0.0219699   0.0121265
   0.105773  -0.0227271    0.994131 -0.00281694
          0           0           0           1
T_world_lidar: 
   0.994356  -0.0059455   -0.105932 -0.00344377
 0.00831814    0.999724   0.0219699   0.0121265
   0.105773  -0.0227271    0.994131 -0.00281694
          0           0           0           1
v_world_imu:  0.000608568 -0.000334228 -0.000455423
frame_9
id: 9
stamp: 1777101269.805620193
T_odom_lidar: 
   0.994359 -0.00593216     -0.1059 -0.00339273
 0.00830062    0.999725   0.0219384   0.0120348
    0.10574  -0.0226937    0.994135 -0.00305785
          0           0           0           1
T_world_lidar: 
   0.994359 -0.00593216     -0.1059 -0.00339273
 0.00830062    0.999725   0.0219384   0.0120348
    0.10574  -0.0226937    0.994135 -0.00305785
          0           0           0           1
v_world_imu:   0.00040591 -0.000331358  -0.00129107
frame_10
id: 10
stamp: 1777101269.905835629
T_odom_lidar: 
   0.994355 -0.00593396   -0.105937 -0.00332139
 0.00829722    0.999726   0.0218815    0.012025
   0.105778   -0.022637    0.994132 -0.00328893
          0           0           0           1
T_world_lidar: 
   0.994355 -0.00593396   -0.105937 -0.00332139
 0.00829722    0.999726   0.0218815    0.012025
   0.105778   -0.022637    0.994132 -0.00328893
          0           0           0           1
v_world_imu:  0.000574664 -0.000128135  -0.00128323
frame_11
id: 11
stamp: 1777101270.005704880
T_odom_lidar: 
   0.994355 -0.00594088   -0.105942 -0.00329946
 0.00831196    0.999724   0.0219535   0.0119613
   0.105782  -0.0227102     0.99413 -0.00359852
          0           0           0           1
T_world_lidar: 
   0.994355 -0.00594088   -0.105942 -0.00329946
 0.00831196    0.999724   0.0219535   0.0119613
   0.105782  -0.0227102     0.99413 -0.00359852
          0           0           0           1
v_world_imu:  0.000322478 -0.000375408  -0.00188766
frame_12
id: 12
stamp: 1777101270.105787277
T_odom_lidar: 
   0.994355 -0.00588827   -0.105937 -0.00329517
 0.00825982    0.999725   0.0219617   0.0119146
   0.105778  -0.0227128     0.99413 -0.00392441
          0           0           0           1
T_world_lidar: 
   0.994355 -0.00588827   -0.105937 -0.00329517
 0.00825982    0.999725   0.0219617   0.0119146
   0.105778  -0.0227128     0.99413 -0.00392441
          0           0           0           1
v_world_imu: -9.37461e-05 -0.000433063  -0.00191946
frame_13
id: 13
stamp: 1777101270.205748320
T_odom_lidar: 
   0.994361 -0.00588581   -0.105883 -0.00335223
 0.00825986    0.999724   0.0219969   0.0118389
   0.105724  -0.0227474    0.994135 -0.00425307
          0           0           0           1
T_world_lidar: 
   0.994361 -0.00588581   -0.105883 -0.00335223
 0.00825986    0.999724   0.0219969   0.0118389
   0.105724  -0.0227474    0.994135 -0.00425307
          0           0           0           1
v_world_imu: -0.000242242 -0.000345105  -0.00139304
frame_14
id: 14
stamp: 1777101270.305582047
T_odom_lidar: 
   0.994364 -0.00582973   -0.105856 -0.00338912
 0.00819718    0.999726   0.0219436   0.0118778
   0.105699  -0.0226876    0.994139 -0.00453468
          0           0           0           1
T_world_lidar: 
   0.994364 -0.00582973   -0.105856 -0.00338912
 0.00819718    0.999726   0.0219436   0.0118778
   0.105699  -0.0226876    0.994139 -0.00453468
          0           0           0           1
v_world_imu: -0.000230022 -0.000341219  -0.00123865
frame_15
id: 15
stamp: 1777101270.405840635
T_odom_lidar: 
   0.994367 -0.00583215   -0.105832 -0.00343322
 0.00820151    0.999725   0.0219667   0.0118505
   0.105674  -0.0227109    0.994141 -0.00480189
          0           0           0           1
T_world_lidar: 
   0.994367 -0.00583215   -0.105832 -0.00343322
 0.00820151    0.999725   0.0219667   0.0118505
   0.105674  -0.0227109    0.994141 -0.00480189
          0           0           0           1
v_world_imu: -1.90574e-05 -0.000454889 -0.000764642
frame_16
id: 16
stamp: 1777101270.505701542
T_odom_lidar: 
   0.994371 -0.00581399   -0.105793 -0.00345263
 0.00818611    0.999724    0.022002   0.0118291
   0.105636  -0.0227442    0.994145 -0.00502558
          0           0           0           1
T_world_lidar: 
   0.994371 -0.00581399   -0.105793 -0.00345263
 0.00818611    0.999724    0.022002   0.0118291
   0.105636  -0.0227442    0.994145 -0.00502558
          0           0           0           1
v_world_imu: -0.000112393 -0.000924008 -0.000101266
frame_17
id: 17
stamp: 1777101270.605454445
T_odom_lidar: 
   0.994371 -0.00579596   -0.105791 -0.00343789
  0.0081673    0.999725   0.0219957   0.0117862
   0.105635   -0.022736    0.994145 -0.00524933
          0           0           0           1
T_world_lidar: 
   0.994371 -0.00579596   -0.105791 -0.00343789
  0.0081673    0.999725   0.0219957   0.0117862
   0.105635   -0.022736    0.994145 -0.00524933
          0           0           0           1
v_world_imu:  5.31119e-05 -0.000683116 -0.000191299
frame_18
id: 18
stamp: 1777101270.705506086
T_odom_lidar: 
   0.994374 -0.00577601   -0.105772 -0.00342887
 0.00814946    0.999724   0.0220207     0.01173
   0.105616  -0.0227588    0.994147 -0.00547615
          0           0           0           1
T_world_lidar: 
   0.994374 -0.00577601   -0.105772 -0.00342887
 0.00814946    0.999724   0.0220207     0.01173
   0.105616  -0.0227588    0.994147 -0.00547615
          0           0           0           1
v_world_imu:  0.000206486 -0.000871614 -9.48042e-05
frame_19
id: 19
stamp: 1777101270.805727005
T_odom_lidar: 
    0.99437 -0.00576179   -0.105806 -0.00339117
 0.00813029    0.999726   0.0219676   0.0116704
   0.105651  -0.0227042    0.994144  -0.0056325
          0           0           0           1
T_world_lidar: 
    0.99437 -0.00576179   -0.105806 -0.00339117
 0.00813029    0.999726   0.0219676   0.0116704
   0.105651  -0.0227042    0.994144  -0.0056325
          0           0           0           1
v_world_imu:  0.000324807 -0.000753123  0.000516182
frame_20
id: 20
stamp: 1777101270.905797243
T_odom_lidar: 
   0.994369 -0.00573295   -0.105816 -0.00333376
 0.00810459    0.999725   0.0219964   0.0116591
   0.105661  -0.0227302    0.994142 -0.00584785
          0           0           0           1
T_world_lidar: 
   0.994369 -0.00573295   -0.105816 -0.00333376
 0.00810459    0.999725   0.0219964   0.0116591
   0.105661  -0.0227302    0.994142 -0.00584785
          0           0           0           1
v_world_imu:  0.000482095 -0.000351507  0.000339385
frame_21
id: 21
stamp: 1777101271.005725145
T_odom_lidar: 
   0.994368 -0.00571765   -0.105829 -0.00331506
 0.00808812    0.999726   0.0219835   0.0116514
   0.105674  -0.0227156    0.994141 -0.00600531
          0           0           0           1
T_world_lidar: 
   0.994368 -0.00571765   -0.105829 -0.00331506
 0.00808812    0.999726   0.0219835   0.0116514
   0.105674  -0.0227156    0.994141 -0.00600531
          0           0           0           1
v_world_imu: 0.000763065  -0.0001506 0.000146924
frame_22
id: 22
stamp: 1777101271.105563402
T_odom_lidar: 
   0.994364 -0.00574905   -0.105865 -0.00323922
 0.00811652    0.999726   0.0219458   0.0116983
    0.10571  -0.0226814    0.994138 -0.00616145
          0           0           0           1
T_world_lidar: 
   0.994364 -0.00574905   -0.105865 -0.00323922
 0.00811652    0.999726   0.0219458   0.0116983
    0.10571  -0.0226814    0.994138 -0.00616145
          0           0           0           1
v_world_imu:   0.00090083 -0.000165372  0.000424128
frame_23
id: 23
stamp: 1777101271.205408335
T_odom_lidar: 
   0.994357 -0.00578972   -0.105926 -0.00321728
 0.00815422    0.999727   0.0219028   0.0117394
    0.10577  -0.0226429    0.994133 -0.00625778
          0           0           0           1
T_world_lidar: 
   0.994357 -0.00578972   -0.105926 -0.00321728
 0.00815422    0.999727   0.0219028   0.0117394
    0.10577  -0.0226429    0.994133 -0.00625778
          0           0           0           1
v_world_imu:    0.0010993 -0.000118813  0.000209171
frame_24
id: 24
stamp: 1777101271.305545092
T_odom_lidar: 
   0.994349 -0.00578598   -0.106006 -0.00309979
 0.00815525    0.999726   0.0219306   0.0116682
    0.10585  -0.0226712    0.994124 -0.00641849
          0           0           0           1
T_world_lidar: 
   0.994349 -0.00578598   -0.106006 -0.00309979
 0.00815525    0.999726   0.0219306   0.0116682
    0.10585  -0.0226712    0.994124 -0.00641849
          0           0           0           1
v_world_imu:   0.00143323 -0.000149418  8.32393e-06
frame_25
id: 25
stamp: 1777101271.405630112
T_odom_lidar: 
   0.994345 -0.00579267   -0.106038 -0.00305669
 0.00815612    0.999728   0.0218686   0.0116847
   0.105883  -0.0226098    0.994122 -0.00653331
          0           0           0           1
T_world_lidar: 
   0.994345 -0.00579267   -0.106038 -0.00305669
 0.00815612    0.999728   0.0218686   0.0116847
   0.105883  -0.0226098    0.994122 -0.00653331
          0           0           0           1
v_world_imu:   0.00112035 -5.91929e-05  -0.00010379
frame_26
id: 26
stamp: 1777101271.505736828
T_odom_lidar: 
   0.994338 -0.00578272   -0.106109 -0.00298409
 0.00815403    0.999726   0.0219276   0.0116571
   0.105953  -0.0226687    0.994113 -0.00665593
          0           0           0           1
T_world_lidar: 
   0.994338 -0.00578272   -0.106109 -0.00298409
 0.00815403    0.999726   0.0219276   0.0116571
   0.105953  -0.0226687    0.994113 -0.00665593
          0           0           0           1
v_world_imu:  0.00113994 0.000239303   0.0004769
frame_27
id: 27
stamp: 1777101271.605565786
T_odom_lidar: 
   0.994334 -0.00576612   -0.106145 -0.00290237
 0.00813915    0.999726   0.0219369   0.0117472
   0.105989  -0.0226766    0.994109 -0.00672457
          0           0           0           1
T_world_lidar: 
   0.994334 -0.00576612   -0.106145 -0.00290237
 0.00813915    0.999726   0.0219369   0.0117472
   0.105989  -0.0226766    0.994109 -0.00672457
          0           0           0           1
v_world_imu:  0.00124067 0.000228923 0.000725276
frame_28
id: 28
stamp: 1777101271.705537796
T_odom_lidar: 
   0.994333 -0.00577297   -0.106152 -0.00285124
 0.00814702    0.999726   0.0219447   0.0117306
   0.105996  -0.0226851    0.994108 -0.00675068
          0           0           0           1
T_world_lidar: 
   0.994333 -0.00577297   -0.106152 -0.00285124
 0.00814702    0.999726   0.0219447   0.0117306
   0.105996  -0.0226851    0.994108 -0.00675068
          0           0           0           1
v_world_imu: 0.000773454 8.95778e-05 0.000775676
frame_29
id: 29
stamp: 1777101271.805599451
T_odom_lidar: 
   0.994336 -0.00577263   -0.106121 -0.00280408
 0.00814932    0.999725   0.0219761   0.0117246
   0.105965  -0.0227165     0.99411 -0.00676686
          0           0           0           1
T_world_lidar: 
   0.994336 -0.00577263   -0.106121 -0.00280408
 0.00814932    0.999725   0.0219761   0.0117246
   0.105965  -0.0227165     0.99411 -0.00676686
          0           0           0           1
v_world_imu: 0.000622573 6.11567e-05  0.00110387
frame_30
id: 30
stamp: 1777101271.905583620
T_odom_lidar: 
   0.994346 -0.00578193   -0.106029  -0.0028874
 0.00815518    0.999726    0.021963   0.0116663
   0.105873  -0.0227036     0.99412 -0.00673373
          0           0           0           1
T_world_lidar: 
   0.994346 -0.00578193   -0.106029  -0.0028874
 0.00815518    0.999726    0.021963   0.0116663
   0.105873  -0.0227036     0.99412 -0.00673373
          0           0           0           1
v_world_imu: 0.000155175 0.000181187  0.00104175
frame_31
id: 31
stamp: 1777101272.005670547
T_odom_lidar: 
   0.994347 -0.00574202   -0.106024 -0.00281152
  0.0081208    0.999725   0.0220181      0.0117
   0.105869  -0.0227547     0.99412 -0.00677489
          0           0           0           1
T_world_lidar: 
   0.994347 -0.00574202   -0.106024 -0.00281152
  0.0081208    0.999725   0.0220181      0.0117
   0.105869  -0.0227547     0.99412 -0.00677489
          0           0           0           1
v_world_imu: 0.000239013 0.000437901  0.00109556
frame_32
id: 32
stamp: 1777101272.106676102
T_odom_lidar: 
   0.994352 -0.00572027    -0.10598 -0.00285514
 0.00809252    0.999726   0.0219673   0.0117693
   0.105826  -0.0227009    0.994126  -0.0067466
          0           0           0           1
T_world_lidar: 
   0.994352 -0.00572027    -0.10598 -0.00285514
 0.00809252    0.999726   0.0219673   0.0117693
   0.105826  -0.0227009    0.994126  -0.0067466
          0           0           0           1
v_world_imu: 5.13752e-05  0.00039161  0.00128024
frame_33
id: 33
stamp: 1777101272.205741644
T_odom_lidar: 
   0.994357 -0.00570436   -0.105932 -0.00286438
 0.00808807    0.999723   0.0220864    0.011742
   0.105776  -0.0228185    0.994128  -0.0067838
          0           0           0           1
T_world_lidar: 
   0.994357 -0.00570436   -0.105932 -0.00286438
 0.00808807    0.999723   0.0220864    0.011742
   0.105776  -0.0228185    0.994128  -0.0067838
          0           0           0           1
v_world_imu: 2.63376e-05 0.000501446  0.00133216
frame_34
id: 34
stamp: 1777101272.305633068
T_odom_lidar: 
   0.994348  -0.0057361   -0.106019 -0.00290725
 0.00811625    0.999724   0.0220326   0.0118989
   0.105863  -0.0227685     0.99412  -0.0067671
          0           0           0           1
T_world_lidar: 
   0.994348  -0.0057361   -0.106019 -0.00290725
 0.00811625    0.999724   0.0220326   0.0118989
   0.105863  -0.0227685     0.99412  -0.0067671
          0           0           0           1
v_world_imu: -0.000170359  0.000823916   0.00128333
frame_35
id: 35
stamp: 1777101272.406637907
T_odom_lidar: 
   0.994357  -0.0057647   -0.105929 -0.00298519
 0.00813615    0.999726   0.0219687   0.0119681
   0.105773  -0.0227065    0.994131 -0.00677415
          0           0           0           1
T_world_lidar: 
   0.994357  -0.0057647   -0.105929 -0.00298519
 0.00813615    0.999726   0.0219687   0.0119681
   0.105773  -0.0227065    0.994131 -0.00677415
          0           0           0           1
v_world_imu: -0.000126529  0.000703582    0.0013978
frame_36
id: 36
stamp: 1777101272.505513430
T_odom_lidar: 
   0.994353 -0.00579977   -0.105963 -0.00302291
 0.00817083    0.999726   0.0219558   0.0120684
   0.105807  -0.0226976    0.994128 -0.00675395
          0           0           0           1
T_world_lidar: 
   0.994353 -0.00579977   -0.105963 -0.00302291
 0.00817083    0.999726   0.0219558   0.0120684
   0.105807  -0.0226976    0.994128 -0.00675395
          0           0           0           1
v_world_imu: -0.000167173  0.000811812   0.00159243
frame_37
id: 37
stamp: 1777101272.605500698
T_odom_lidar: 
   0.994359 -0.00576552   -0.105914 -0.00306925
 0.00812649    0.999728   0.0218734   0.0121382
   0.105759  -0.0226107    0.994135 -0.00672633
          0           0           0           1
T_world_lidar: 
   0.994359 -0.00576552   -0.105914 -0.00306925
 0.00812649    0.999728   0.0218734   0.0121382
   0.105759  -0.0226107    0.994135 -0.00672633
          0           0           0           1
v_world_imu: -0.000217378  0.000732077   0.00177542
frame_38
id: 38
stamp: 1777101272.705636024
T_odom_lidar: 
    0.99436 -0.00580898   -0.105894 -0.00310544
 0.00817119    0.999727   0.0218871   0.0122832
   0.105738   -0.022629    0.994137 -0.00670317
          0           0           0           1
T_world_lidar: 
    0.99436 -0.00580898   -0.105894 -0.00310544
 0.00817119    0.999727   0.0218871   0.0122832
   0.105738   -0.022629    0.994137 -0.00670317
          0           0           0           1
v_world_imu: -0.000208239  0.000735181   0.00201343
frame_39
id: 39
stamp: 1777101272.805642605
T_odom_lidar: 
   0.994358 -0.00580392   -0.105919 -0.00308503
 0.00815932    0.999729   0.0218179   0.0123654
   0.105763  -0.0225591    0.994135 -0.00667351
          0           0           0           1
T_world_lidar: 
   0.994358 -0.00580392   -0.105919 -0.00308503
 0.00815932    0.999729   0.0218179   0.0123654
   0.105763  -0.0225591    0.994135 -0.00667351
          0           0           0           1
v_world_imu: -7.86881e-05  0.000737563   0.00211794
frame_40
id: 40
stamp: 1777101272.905768394
T_odom_lidar: 
   0.994363 -0.00581909   -0.105871 -0.00309629
 0.00817068    0.999729   0.0217918   0.0124782
   0.105715   -0.022534    0.994141 -0.00666032
          0           0           0           1
T_world_lidar: 
   0.994363 -0.00581909   -0.105871 -0.00309629
 0.00817068    0.999729   0.0217918   0.0124782
   0.105715   -0.022534    0.994141 -0.00666032
          0           0           0           1
v_world_imu: -0.000159414  0.000695785   0.00211138
frame_41
id: 41
stamp: 1777101273.006694317
T_odom_lidar: 
   0.994356 -0.00577731    -0.10594 -0.00311941
 0.00811845    0.999732   0.0216809   0.0125802
   0.105786  -0.0224186    0.994136 -0.00659513
          0           0           0           1
T_world_lidar: 
   0.994356 -0.00577731    -0.10594 -0.00311941
 0.00811845    0.999732   0.0216809   0.0125802
   0.105786  -0.0224186    0.994136 -0.00659513
          0           0           0           1
v_world_imu: 2.74012e-05  0.00058092  0.00246966
frame_42
id: 42
stamp: 1777101273.105475187
T_odom_lidar: 
   0.994359 -0.00584775   -0.105901 -0.00308567
 0.00819114    0.999731   0.0217068   0.0126296
   0.105745  -0.0224518     0.99414 -0.00657026
          0           0           0           1
T_world_lidar: 
   0.994359 -0.00584775   -0.105901 -0.00308567
 0.00819114    0.999731   0.0217068   0.0126296
   0.105745  -0.0224518     0.99414 -0.00657026
          0           0           0           1
v_world_imu: 0.000182794 0.000475556  0.00220191
frame_43
id: 43
stamp: 1777101273.205307245
T_odom_lidar: 
   0.994359 -0.00583544   -0.105909 -0.00309828
 0.00818315     0.99973   0.0217463   0.0126227
   0.105753  -0.0224903    0.994138  -0.0064874
          0           0           0           1
T_world_lidar: 
   0.994359 -0.00583544   -0.105909 -0.00309828
 0.00818315     0.99973   0.0217463   0.0126227
   0.105753  -0.0224903    0.994138  -0.0064874
          0           0           0           1
v_world_imu: 0.000546721 0.000508736  0.00265415
frame_44
id: 44
stamp: 1777101273.305725574
T_odom_lidar: 
   0.994354  -0.0058155   -0.105952 -0.00301551
 0.00816803    0.999729   0.0217835   0.0126728
   0.105796  -0.0225259    0.994133 -0.00641248
          0           0           0           1
T_world_lidar: 
   0.994354  -0.0058155   -0.105952 -0.00301551
 0.00816803    0.999729   0.0217835   0.0126728
   0.105796  -0.0225259    0.994133 -0.00641248
          0           0           0           1
v_world_imu:  0.000643225 -4.14297e-06   0.00299397
frame_45
id: 45
stamp: 1777101273.405680895
T_odom_lidar: 
   0.994352 -0.00581589   -0.105977 -0.00303947
  0.0081686    0.999729   0.0217795   0.0127351
   0.105822  -0.0225222     0.99413 -0.00627726
          0           0           0           1
T_world_lidar: 
   0.994352 -0.00581589   -0.105977 -0.00303947
  0.0081686    0.999729   0.0217795   0.0127351
   0.105822  -0.0225222     0.99413 -0.00627726
          0           0           0           1
v_world_imu: 0.000449402 0.000169596  0.00280595
frame_46
id: 46
stamp: 1777101273.506583452
T_odom_lidar: 
   0.994346 -0.00582063    -0.10603 -0.00302806
 0.00817017     0.99973   0.0217383   0.0127495
   0.105875  -0.0224816    0.994125 -0.00619569
          0           0           0           1
T_world_lidar: 
   0.994346 -0.00582063    -0.10603 -0.00302806
 0.00817017     0.99973   0.0217383   0.0127495
   0.105875  -0.0224816    0.994125 -0.00619569
          0           0           0           1
v_world_imu:  0.000309181 -0.000191498   0.00251211
frame_47
id: 47
stamp: 1777101273.605682135
T_odom_lidar: 
   0.994345 -0.00579243   -0.106039 -0.00308571
 0.00814886    0.999729   0.0218025   0.0127515
   0.105884  -0.0225433    0.994123 -0.00624797
          0           0           0           1
T_world_lidar: 
   0.994345 -0.00579243   -0.106039 -0.00308571
 0.00814886    0.999729   0.0218025   0.0127515
   0.105884  -0.0225433    0.994123 -0.00624797
          0           0           0           1
v_world_imu: -0.000118138 -0.000276213   0.00312899
frame_48
id: 48
stamp: 1777101273.705613613
T_odom_lidar: 
   0.994349 -0.00568666   -0.106009 -0.00317391
 0.00803703    0.999731   0.0217573   0.0128218
   0.105857  -0.0224864    0.994127   -0.006847
          0           0           0           1
T_world_lidar: 
   0.994349 -0.00568666   -0.106009 -0.00317391
 0.00803703    0.999731   0.0217573   0.0128218
   0.105857  -0.0224864    0.994127   -0.006847
          0           0           0           1
v_world_imu: -0.000316524 -0.000575022   0.00349727
frame_49
id: 49
stamp: 1777101273.805354595
T_odom_lidar: 
   0.994352 -0.00571004    -0.10598  -0.0032237
 0.00806727    0.999729   0.0218268   0.0127553
   0.105827  -0.0225584    0.994129 -0.00651888
          0           0           0           1
T_world_lidar: 
   0.994352 -0.00571004    -0.10598  -0.0032237
 0.00806727    0.999729   0.0218268   0.0127553
   0.105827  -0.0225584    0.994129 -0.00651888
          0           0           0           1
v_world_imu: -0.000328822 -0.000566362   0.00327686
frame_50
id: 50
stamp: 1777101273.906613350
T_odom_lidar: 
   0.994354  -0.0056234   -0.105964 -0.00326439
 0.00797833     0.99973   0.0218131   0.0127936
   0.105813  -0.0225353    0.994131 -0.00814993
          0           0           0           1
T_world_lidar: 
   0.994354  -0.0056234   -0.105964 -0.00326439
 0.00797833     0.99973   0.0218131   0.0127936
   0.105813  -0.0225353    0.994131 -0.00814993
          0           0           0           1
v_world_imu: -0.000736887 -0.000263944  0.000754436
frame_51
id: 51
stamp: 1777101274.005681276
T_odom_lidar: 
   0.994361  -0.0056298   -0.105898 -0.00335308
 0.00798672    0.999729   0.0218457   0.0127603
   0.105746  -0.0225683    0.994137 -0.00807636
          0           0           0           1
T_world_lidar: 
   0.994361  -0.0056298   -0.105898 -0.00335308
 0.00798672    0.999729   0.0218457   0.0127603
   0.105746  -0.0225683    0.994137 -0.00807636
          0           0           0           1
v_world_imu: -0.000853756   -0.0002302  0.000864712
frame_52
id: 52
stamp: 1777101274.106614590
T_odom_lidar: 
   0.994366 -0.00560133   -0.105855 -0.00343572
 0.00795187    0.999731   0.0217963    0.012742
   0.105704  -0.0225152    0.994143 -0.00801583
          0           0           0           1
T_world_lidar: 
   0.994366 -0.00560133   -0.105855 -0.00343572
 0.00795187    0.999731   0.0217963    0.012742
   0.105704  -0.0225152    0.994143 -0.00801583
          0           0           0           1
v_world_imu: -0.000746897 -0.000135499   0.00034673
frame_53
id: 53
stamp: 1777101274.205717325
T_odom_lidar: 
   0.994379 -0.00562797    -0.10573 -0.00351766
 0.00798224    0.999729   0.0218569   0.0127216
   0.105579   -0.022578    0.994155  -0.0079604
          0           0           0           1
T_world_lidar: 
   0.994379 -0.00562797    -0.10573 -0.00351766
 0.00798224    0.999729   0.0218569   0.0127216
   0.105579   -0.022578    0.994155  -0.0079604
          0           0           0           1
v_world_imu: -0.000502364 -8.20111e-05  0.000324092
frame_54
id: 54
stamp: 1777101274.305580139
T_odom_lidar: 
   0.994374 -0.00563723    -0.10578 -0.00355002
 0.00799078     0.99973   0.0218389   0.0126842
   0.105628  -0.0225613     0.99415 -0.00793027
          0           0           0           1
T_world_lidar: 
   0.994374 -0.00563723    -0.10578 -0.00355002
 0.00799078     0.99973   0.0218389   0.0126842
   0.105628  -0.0225613     0.99415 -0.00793027
          0           0           0           1
v_world_imu: -0.000419629 -0.000464271  0.000311466
frame_55
id: 55
stamp: 1777101274.405292749
T_odom_lidar: 
   0.994377 -0.00561256    -0.10575 -0.00359829
 0.00796579     0.99973   0.0218435   0.0126466
   0.105599  -0.0225631    0.994153 -0.00791164
          0           0           0           1
T_world_lidar: 
   0.994377 -0.00561256    -0.10575 -0.00359829
 0.00796579     0.99973   0.0218435   0.0126466
   0.105599  -0.0225631    0.994153 -0.00791164
          0           0           0           1
v_world_imu:   3.4762e-05 -0.000381194  -4.9177e-06
frame_56
id: 56
stamp: 1777101274.506654024
T_odom_lidar: 
   0.994371 -0.00563521   -0.105803  -0.0036058
   0.007991    0.999729   0.0218552   0.0125893
   0.105651  -0.0225776    0.994147 -0.00791729
          0           0           0           1
T_world_lidar: 
   0.994371 -0.00563521   -0.105803  -0.0036058
   0.007991    0.999729   0.0218552   0.0125893
   0.105651  -0.0225776    0.994147 -0.00791729
          0           0           0           1
v_world_imu:  3.67547e-06 -0.000335184 -0.000496671
frame_57
id: 57
stamp: 1777101274.606528521
T_odom_lidar: 
   0.994372 -0.00561614     -0.1058 -0.00361789
  0.0079686     0.99973   0.0218255   0.0125621
   0.105648  -0.0225457    0.994148 -0.00793062
          0           0           0           1
T_world_lidar: 
   0.994372 -0.00561614     -0.1058 -0.00361789
  0.0079686     0.99973   0.0218255   0.0125621
   0.105648  -0.0225457    0.994148 -0.00793062
          0           0           0           1
v_world_imu:  4.91789e-05 -0.000267559 -0.000560737
frame_58
id: 58
stamp: 1777101274.705478668
T_odom_lidar: 
   0.994371 -0.00561552   -0.105802 -0.00361183
 0.00796775     0.99973   0.0218228   0.0125202
   0.105651   -0.022543    0.994148 -0.00795876
          0           0           0           1
T_world_lidar: 
   0.994371 -0.00561552   -0.105802 -0.00361183
 0.00796775     0.99973   0.0218228   0.0125202
   0.105651   -0.022543    0.994148 -0.00795876
          0           0           0           1
v_world_imu:   0.00039129 -0.000210992 -0.000519827
frame_59
id: 59
stamp: 1777101274.806537151
T_odom_lidar: 
   0.994369 -0.00561084   -0.105824 -0.00357305
 0.00796308     0.99973   0.0218185   0.0125105
   0.105673  -0.0225384    0.994145 -0.00797574
          0           0           0           1
T_world_lidar: 
   0.994369 -0.00561084   -0.105824 -0.00357305
 0.00796308     0.99973   0.0218185   0.0125105
   0.105673  -0.0225384    0.994145 -0.00797574
          0           0           0           1
v_world_imu:  0.000452776 -8.57295e-05 -0.000346152
frame_60
id: 60
stamp: 1777101274.906569481
T_odom_lidar: 
   0.994367 -0.00557467   -0.105844 -0.00358372
 0.00792764     0.99973   0.0218227   0.0124578
   0.105694  -0.0225389    0.994143 -0.00799423
          0           0           0           1
T_world_lidar: 
   0.994367 -0.00557467   -0.105844 -0.00358372
 0.00792764     0.99973   0.0218227   0.0124578
   0.105694  -0.0225389    0.994143 -0.00799423
          0           0           0           1
v_world_imu:  -0.00017484 -0.000152242  -0.00104733
frame_61
id: 61
stamp: 1777101275.005630732
T_odom_lidar: 
   0.994366 -0.00556334   -0.105854 -0.00359035
 0.00791709     0.99973   0.0218286   0.0124278
   0.105704  -0.0225436    0.994142 -0.00803509
          0           0           0           1
T_world_lidar: 
   0.994366 -0.00556334   -0.105854 -0.00359035
 0.00791709     0.99973   0.0218286   0.0124278
   0.105704  -0.0225436    0.994142 -0.00803509
          0           0           0           1
v_world_imu:  0.000108966 -0.000164005  -0.00077812
frame_62
id: 62
stamp: 1777101275.106517792
T_odom_lidar: 
   0.994368 -0.00555703   -0.105833 -0.00359933
 0.00791294     0.99973   0.0218537   0.0123795
   0.105683  -0.0225681    0.994144 -0.00807291
          0           0           0           1
T_world_lidar: 
   0.994368 -0.00555703   -0.105833 -0.00359933
 0.00791294     0.99973   0.0218537   0.0123795
   0.105683  -0.0225681    0.994144 -0.00807291
          0           0           0           1
v_world_imu: -0.000126261 -0.000209207 -0.000952428
frame_63
id: 63
stamp: 1777101275.205610037
T_odom_lidar: 
   0.994373 -0.00557274   -0.105789 -0.00360838
 0.00792961    0.999729   0.0218716   0.0123395
   0.105638  -0.0225874    0.994148 -0.00811479
          0           0           0           1
T_world_lidar: 
   0.994373 -0.00557274   -0.105789 -0.00360838
 0.00792961    0.999729   0.0218716   0.0123395
   0.105638  -0.0225874    0.994148 -0.00811479
          0           0           0           1
v_world_imu:  8.52798e-05 -0.000121051 -0.000980041
frame_64
id: 64
stamp: 1777101275.305281401
T_odom_lidar: 
   0.994379 -0.00558812   -0.105734  -0.0035876
 0.00794314    0.999729    0.021865   0.0122978
   0.105583   -0.022582    0.994154 -0.00816099
          0           0           0           1
T_world_lidar: 
   0.994379 -0.00558812   -0.105734  -0.0035876
 0.00794314    0.999729    0.021865   0.0122978
   0.105583   -0.022582    0.994154 -0.00816099
          0           0           0           1
v_world_imu:  8.36609e-05  -0.00013682 -0.000482317
frame_65
id: 65
stamp: 1777101275.405327559
T_odom_lidar: 
   0.994382  -0.0056156   -0.105698 -0.00355637
 0.00797263    0.999729   0.0218903   0.0122448
   0.105547    -0.02261    0.994157 -0.00818554
          0           0           0           1
T_world_lidar: 
   0.994382  -0.0056156   -0.105698 -0.00355637
 0.00797263    0.999729   0.0218903   0.0122448
   0.105547    -0.02261    0.994157 -0.00818554
          0           0           0           1
v_world_imu:  0.000129694 -0.000463529 -0.000377495
frame_66
id: 66
stamp: 1777101275.506649733
T_odom_lidar: 
   0.994373 -0.00558846   -0.105784 -0.00350542
 0.00794747    0.999729   0.0218918   0.0121881
   0.105633  -0.0226093    0.994148 -0.00823968
          0           0           0           1
T_world_lidar: 
   0.994373 -0.00558846   -0.105784 -0.00350542
 0.00794747    0.999729   0.0218918   0.0121881
   0.105633  -0.0226093    0.994148 -0.00823968
          0           0           0           1
v_world_imu:  0.000166922 -0.000524559 -0.000613188
frame_67
id: 67
stamp: 1777101275.606552601
T_odom_lidar: 
   0.994373 -0.00559712   -0.105785 -0.00347379
  0.0079592    0.999728     0.02192   0.0121239
   0.105634  -0.0226386    0.994147 -0.00830463
          0           0           0           1
T_world_lidar: 
   0.994373 -0.00559712   -0.105785 -0.00347379
  0.0079592    0.999728     0.02192   0.0121239
   0.105634  -0.0226386    0.994147 -0.00830463
          0           0           0           1
v_world_imu:  0.000126617 -0.000598307  -0.00041409
frame_68
id: 68
stamp: 1777101275.705599785
T_odom_lidar: 
   0.994373  -0.0056074   -0.105789 -0.00342823
 0.00796871    0.999728   0.0219114   0.0120868
   0.105637  -0.0226311    0.994147  -0.0083769
          0           0           0           1
T_world_lidar: 
   0.994373  -0.0056074   -0.105789 -0.00342823
 0.00796871    0.999728   0.0219114   0.0120868
   0.105637  -0.0226311    0.994147  -0.0083769
          0           0           0           1
v_world_imu:  0.000240151 -0.000489089 -0.000213562
frame_69
id: 69
stamp: 1777101275.806624413
T_odom_lidar: 
   0.994368 -0.00556728   -0.105838  -0.0033752
 0.00793354    0.999728   0.0219494   0.0120518
   0.105687  -0.0226655    0.994141  -0.0084575
          0           0           0           1
T_world_lidar: 
   0.994368 -0.00556728   -0.105838  -0.0033752
 0.00793354    0.999728   0.0219494   0.0120518
   0.105687  -0.0226655    0.994141  -0.0084575
          0           0           0           1
v_world_imu:  0.000284877 -0.000442228 -0.000274164
frame_70
id: 70
stamp: 1777101275.906480312
T_odom_lidar: 
   0.994367 -0.00554496   -0.105851 -0.00333237
 0.00791063    0.999728   0.0219423   0.0120278
   0.105701   -0.022656     0.99414 -0.00853254
          0           0           0           1
T_world_lidar: 
   0.994367 -0.00554496   -0.105851 -0.00333237
 0.00791063    0.999728   0.0219423   0.0120278
   0.105701   -0.022656     0.99414 -0.00853254
          0           0           0           1
v_world_imu:  0.000228161 -0.000562002 -3.01409e-05
frame_71
id: 71
stamp: 1777101276.005581379
T_odom_lidar: 
   0.994362 -0.00561206   -0.105892 -0.00329818
 0.00798295    0.999727   0.0219791    0.011998
    0.10574  -0.0227005    0.994135 -0.00860576
          0           0           0           1
T_world_lidar: 
   0.994362 -0.00561206   -0.105892 -0.00329818
 0.00798295    0.999727   0.0219791    0.011998
    0.10574  -0.0227005    0.994135 -0.00860576
          0           0           0           1
v_world_imu:  0.000140076  -0.00053189 -0.000141219
frame_72
id: 72
stamp: 1777101276.106709003
T_odom_lidar: 
   0.994363 -0.00563796   -0.105882 -0.00327028
  0.0080075    0.999727   0.0219673   0.0119788
   0.105729  -0.0226913    0.994136  -0.0086495
          0           0           0           1
T_world_lidar: 
   0.994363 -0.00563796   -0.105882 -0.00327028
  0.0080075    0.999727   0.0219673   0.0119788
   0.105729  -0.0226913    0.994136  -0.0086495
          0           0           0           1
v_world_imu: 0.000443043 -0.00051741 0.000114463
frame_73
id: 73
stamp: 1777101276.205633640
T_odom_lidar: 
   0.994364 -0.00564266   -0.105873 -0.00321674
 0.00801755    0.999725   0.0220193   0.0119552
    0.10572  -0.0227441    0.994136 -0.00869749
          0           0           0           1
T_world_lidar: 
   0.994364 -0.00564266   -0.105873 -0.00321674
 0.00801755    0.999725   0.0220193   0.0119552
    0.10572  -0.0227441    0.994136 -0.00869749
          0           0           0           1
v_world_imu:  0.000634932 -0.000375697 -0.000189148
frame_74
id: 74
stamp: 1777101276.306604147
T_odom_lidar: 
   0.994366 -0.00564327   -0.105847 -0.00315906
 0.00801827    0.999725   0.0220259   0.0119499
   0.105694  -0.0227506    0.994138 -0.00874736
          0           0           0           1
T_world_lidar: 
   0.994366 -0.00564327   -0.105847 -0.00315906
 0.00801827    0.999725   0.0220259   0.0119499
   0.105694  -0.0227506    0.994138 -0.00874736
          0           0           0           1
v_world_imu:  0.000669828  -4.1763e-05 -0.000183176
frame_75
id: 75
stamp: 1777101276.406465054
T_odom_lidar: 
   0.994361 -0.00558666   -0.105901 -0.00308453
 0.00796384    0.999725   0.0220375   0.0119949
   0.105749  -0.0227566    0.994132 -0.00880047
          0           0           0           1
T_world_lidar: 
   0.994361 -0.00558666   -0.105901 -0.00308453
 0.00796384    0.999725   0.0220375   0.0119949
   0.105749  -0.0227566    0.994132 -0.00880047
          0           0           0           1
v_world_imu:   0.00060758  0.000446727 -0.000302702
frame_76
id: 76
stamp: 1777101276.506639481
T_odom_lidar: 
    0.99436 -0.00553429   -0.105915 -0.00303053
 0.00790865    0.999726   0.0220107   0.0120443
   0.105764  -0.0227242    0.994132 -0.00883852
          0           0           0           1
T_world_lidar: 
    0.99436 -0.00553429   -0.105915 -0.00303053
 0.00790865    0.999726   0.0220107   0.0120443
   0.105764  -0.0227242    0.994132 -0.00883852
