id: 0
T_world_origin: 
 -0.795811  -0.390642  -0.462691   -1.87531
   0.33539  -0.920533   0.200332  -0.097578
  -0.50418 0.00424457   0.863588  -0.013459
         0          0          0          1
T_origin_endpoint_L: 
 -0.43503  0.338438 -0.834392   -1.4642
-0.350044 -0.917348 -0.189582 -0.822491
 -0.82959  0.209599  0.517542 -0.837055
        0         0         0         1
T_origin_endpoint_R: 
-0.0870414   0.766795  -0.635964   -1.06362
 -0.774463  -0.453623  -0.440945  -0.753052
 -0.626602    0.45415   0.633338  -0.613903
         0          0          0          1
T_lidar_imu: 
     1      0      0  0.006
     0      1      0 -0.012
     0      0      1  0.008
     0      0      0      1
imu_bias:  0.00252091 2.25625e-05  -0.0028857 -0.00387016 -0.00102421  0.00125089
frame_id: 2
num_frames: 1172
frame_0
id: 0
stamp: 1777801803.806831121
T_odom_lidar: 
   0.866787 -0.00795754    0.498615   -0.010772
  0.0101288    0.999947 -0.00164938   0.0127387
  -0.498576  0.00648005    0.866822 -0.00546763
          0           0           0           1
T_world_lidar: 
   0.866787 -0.00795754    0.498615   -0.010772
  0.0101288    0.999947 -0.00164938   0.0127387
  -0.498576  0.00648005    0.866822 -0.00546763
          0           0           0           1
v_world_imu:  0.00175978 -0.00580705   0.0186197
frame_1
id: 1
stamp: 1777801803.906782866
T_odom_lidar: 
   0.866729 -0.00794121    0.498716  -0.0106508
  0.0101481    0.999947 -0.00171412   0.0121942
  -0.498676   0.0065467    0.866764 -0.00387757
          0           0           0           1
T_world_lidar: 
   0.866729 -0.00794121    0.498716  -0.0106508
  0.0101481    0.999947 -0.00171412   0.0121942
  -0.498676   0.0065467    0.866764 -0.00387757
          0           0           0           1
v_world_imu: 0.000975802 -0.00499382   0.0138295
frame_2
id: 2
stamp: 1777801804.006756306
T_odom_lidar: 
   0.866673   -0.007902    0.498815  -0.0105932
  0.0101176    0.999947 -0.00173826   0.0117367
  -0.498775  0.00655332    0.866707 -0.00275011
          0           0           0           1
T_world_lidar: 
   0.866673   -0.007902    0.498815  -0.0105932
  0.0101176    0.999947 -0.00173826   0.0117367
  -0.498775  0.00655332    0.866707 -0.00275011
          0           0           0           1
v_world_imu: 0.000586369 -0.00396414  0.00929526
frame_3
id: 3
stamp: 1777801804.106920004
T_odom_lidar: 
   0.866612 -0.00784622    0.498921  -0.0106267
  0.0101002    0.999947 -0.00181822   0.0114208
  -0.498881  0.00661489    0.866645 -0.00184294
          0           0           0           1
T_world_lidar: 
   0.866612 -0.00784622    0.498921  -0.0106267
  0.0101002    0.999947 -0.00181822   0.0114208
  -0.498881  0.00661489    0.866645 -0.00184294
          0           0           0           1
v_world_imu: -0.000136538  -0.00282596   0.00594773
frame_4
id: 4
stamp: 1777801804.206743002
T_odom_lidar: 
   0.866525   -0.007768    0.499074  -0.0106937
  0.0100788    0.999947  -0.0019354   0.0112099
  -0.499033  0.00670713    0.866557 -0.00104044
          0           0           0           1
T_world_lidar: 
   0.866525   -0.007768    0.499074  -0.0106937
  0.0100788    0.999947  -0.0019354   0.0112099
  -0.499033  0.00670713    0.866557 -0.00104044
          0           0           0           1
v_world_imu: -0.00057603 -0.00231577  0.00430252
frame_5
id: 5
stamp: 1777801804.306740046
T_odom_lidar: 
    0.866478  -0.00776915     0.499155   -0.0107802
   0.0101462     0.999946  -0.00204891    0.0110862
   -0.499112   0.00683985     0.866511 -0.000654925
           0            0            0            1
T_world_lidar: 
    0.866478  -0.00776915     0.499155   -0.0107802
   0.0101462     0.999946  -0.00204891    0.0110862
   -0.499112   0.00683985     0.866511 -0.000654925
           0            0            0            1
v_world_imu: -0.00074711 -0.00171186  0.00230781
frame_6
id: 6
stamp: 1777801804.406710386
T_odom_lidar: 
   0.866424 -0.00767925     0.49925  -0.0108696
  0.0100888    0.999947 -0.00212794   0.0109423
  -0.499207  0.00688056    0.866456 -0.00050123
          0           0           0           1
T_world_lidar: 
   0.866424 -0.00767925     0.49925  -0.0108696
  0.0100888    0.999947 -0.00212794   0.0109423
  -0.499207  0.00688056    0.866456 -0.00050123
          0           0           0           1
v_world_imu: -0.000959878   -0.0011518  0.000379412
frame_7
id: 7
stamp: 1777801804.506715298
T_odom_lidar: 
   0.866375 -0.00759171    0.499336  -0.0109869
  0.0100835    0.999947 -0.00229265   0.0109264
  -0.499292  0.00702136    0.866405 -0.00053087
          0           0           0           1
T_world_lidar: 
   0.866375 -0.00759171    0.499336  -0.0109869
  0.0100835    0.999947 -0.00229265   0.0109264
  -0.499292  0.00702136    0.866405 -0.00053087
          0           0           0           1
v_world_imu: -0.00129218 -0.00119858 -0.00102055
frame_8
id: 8
stamp: 1777801804.606766462
T_odom_lidar: 
    0.866349    -0.007564     0.499382    -0.011024
   0.0100759     0.999947  -0.00233415    0.0108414
   -0.499338    0.0070539     0.866379 -0.000683883
           0            0            0            1
T_world_lidar: 
    0.866349    -0.007564     0.499382    -0.011024
   0.0100759     0.999947  -0.00233415    0.0108414
   -0.499338    0.0070539     0.866379 -0.000683883
           0            0            0            1
v_world_imu: -0.00107003 -0.00125984 -0.00164422
frame_9
id: 9
stamp: 1777801804.706805944
T_odom_lidar: 
    0.866318  -0.00753207     0.499436   -0.0111961
   0.0100705     0.999946  -0.00238778    0.0108047
   -0.499391   0.00709812     0.866347 -0.000905827
           0            0            0            1
T_world_lidar: 
    0.866318  -0.00753207     0.499436   -0.0111961
   0.0100705     0.999946  -0.00238778    0.0108047
   -0.499391   0.00709812     0.866347 -0.000905827
           0            0            0            1
v_world_imu:  -0.00078311 -0.000904724  -0.00202677
frame_10
id: 10
stamp: 1777801804.806815863
T_odom_lidar: 
    0.86634 -0.00748694    0.499399  -0.0112061
  0.0100479    0.999947 -0.00243959   0.0107994
  -0.499354  0.00713142    0.866369 -0.00115011
          0           0           0           1
T_world_lidar: 
    0.86634 -0.00748694    0.499399  -0.0112061
  0.0100479    0.999947 -0.00243959   0.0107994
  -0.499354  0.00713142    0.866369 -0.00115011
          0           0           0           1
v_world_imu:  -0.00103347 -0.000800478  -0.00248244
frame_11
id: 11
stamp: 1777801804.906844616
T_odom_lidar: 
   0.866336 -0.00744249    0.499406   -0.011285
  0.0100426    0.999946 -0.00251928   0.0107995
  -0.499361  0.00719786    0.866364 -0.00153826
          0           0           0           1
T_world_lidar: 
   0.866336 -0.00744249    0.499406   -0.011285
  0.0100426    0.999946 -0.00251928   0.0107995
  -0.499361  0.00719786    0.866364 -0.00153826
          0           0           0           1
v_world_imu: -0.000755208 -0.000847909  -0.00163842
frame_12
id: 12
stamp: 1777801805.006788731
T_odom_lidar: 
    0.86635 -0.00739607    0.499382  -0.0113188
  0.0100239    0.999946 -0.00258027   0.0108208
  -0.499336  0.00724117    0.866378 -0.00180042
          0           0           0           1
T_world_lidar: 
    0.86635 -0.00739607    0.499382  -0.0113188
  0.0100239    0.999946 -0.00258027   0.0108208
  -0.499336  0.00724117    0.866378 -0.00180042
          0           0           0           1
v_world_imu: -0.000174144 -0.000639073  -0.00151879
frame_13
id: 13
stamp: 1777801805.106999159
T_odom_lidar: 
   0.866347 -0.00738677    0.499388  -0.0113612
  0.0100038    0.999947 -0.00256398   0.0107672
  -0.499342  0.00721709    0.866375 -0.00206063
          0           0           0           1
T_world_lidar: 
   0.866347 -0.00738677    0.499388  -0.0113612
  0.0100038    0.999947 -0.00256398   0.0107672
  -0.499342  0.00721709    0.866375 -0.00206063
          0           0           0           1
v_world_imu: -0.000317949 -0.000429483  -0.00131797
frame_14
id: 14
stamp: 1777801805.206823349
T_odom_lidar: 
   0.866338 -0.00752765    0.499402    -0.01137
  0.0100881    0.999946 -0.00242789   0.0107121
  -0.499357  0.00714141    0.866367 -0.00215783
          0           0           0           1
T_world_lidar: 
   0.866338 -0.00752765    0.499402    -0.01137
  0.0100881    0.999946 -0.00242789   0.0107121
  -0.499357  0.00714141    0.866367 -0.00215783
          0           0           0           1
v_world_imu: -0.000485037 -0.000664472  -0.00143978
frame_15
id: 15
stamp: 1777801805.306064606
T_odom_lidar: 
   0.866337 -0.00750432    0.499404  -0.0113665
  0.0101186    0.999946 -0.00252744    0.010811
  -0.499358  0.00724289    0.866365  -0.0023123
          0           0           0           1
T_world_lidar: 
   0.866337 -0.00750432    0.499404  -0.0113665
  0.0101186    0.999946 -0.00252744    0.010811
  -0.499358  0.00724289    0.866365  -0.0023123
          0           0           0           1
v_world_imu:  0.000162387 -0.000481772 -0.000989658
frame_16
id: 16
stamp: 1777801805.406860352
T_odom_lidar: 
   0.866327 -0.00755585    0.499419  -0.0113446
  0.0101415    0.999946 -0.00246379   0.0107831
  -0.499374  0.00719933    0.866357 -0.00244569
          0           0           0           1
T_world_lidar: 
   0.866327 -0.00755585    0.499419  -0.0113446
  0.0101415    0.999946 -0.00246379   0.0107831
  -0.499374  0.00719933    0.866357 -0.00244569
          0           0           0           1
v_world_imu:  9.50615e-05 -0.000281511 -0.000736759
frame_17
id: 17
stamp: 1777801805.506880760
T_odom_lidar: 
   0.866339 -0.00757894      0.4994  -0.0113152
  0.0101503    0.999946 -0.00243299   0.0108205
  -0.499354  0.00717682    0.866368 -0.00255737
          0           0           0           1
T_world_lidar: 
   0.866339 -0.00757894      0.4994  -0.0113152
  0.0101503    0.999946 -0.00243299   0.0108205
  -0.499354  0.00717682    0.866368 -0.00255737
          0           0           0           1
v_world_imu: -2.46056e-05 -0.000237344 -0.000478646
frame_18
id: 18
stamp: 1777801805.606822014
T_odom_lidar: 
   0.866331 -0.00759371    0.499413   -0.011319
  0.0101773    0.999945 -0.00245019   0.0108577
  -0.499367  0.00720537    0.866361 -0.00266153
          0           0           0           1
T_world_lidar: 
   0.866331 -0.00759371    0.499413   -0.011319
  0.0101773    0.999945 -0.00245019   0.0108577
  -0.499367  0.00720537    0.866361 -0.00266153
          0           0           0           1
v_world_imu:  0.000222553 -0.000292212 -0.000184453
frame_19
id: 19
stamp: 1777801805.706824303
T_odom_lidar: 
   0.866384 -0.00748926    0.499322  -0.0113231
  0.0101589    0.999945 -0.00262893   0.0110113
  -0.499275  0.00735024    0.866412 -0.00282807
          0           0           0           1
T_world_lidar: 
   0.866384 -0.00748926    0.499322  -0.0113231
  0.0101589    0.999945 -0.00262893   0.0110113
  -0.499275  0.00735024    0.866412 -0.00282807
          0           0           0           1
v_world_imu:  0.000151532 -0.000258815  0.000801591
frame_20
id: 20
stamp: 1777801805.805878162
T_odom_lidar: 
   0.866397 -0.00750091    0.499299  -0.0113261
  0.0101518    0.999945 -0.00259366   0.0109708
  -0.499252  0.00731594    0.866426 -0.00276914
          0           0           0           1
T_world_lidar: 
   0.866397 -0.00750091    0.499299  -0.0113261
  0.0101518    0.999945 -0.00259366   0.0109708
  -0.499252  0.00731594    0.866426 -0.00276914
          0           0           0           1
v_world_imu:  0.000123593 -0.000339688  0.000606892
frame_21
id: 21
stamp: 1777801805.906791687
T_odom_lidar: 
   0.866364 -0.00746651    0.499357  -0.0113961
   0.010112    0.999946  -0.0025925   0.0109224
   -0.49931  0.00729555    0.866392  -0.0027919
          0           0           0           1
T_world_lidar: 
   0.866364 -0.00746651    0.499357  -0.0113961
   0.010112    0.999946  -0.0025925   0.0109224
   -0.49931  0.00729555    0.866392  -0.0027919
          0           0           0           1
v_world_imu: -0.000230675 -0.000541748  0.000404966
frame_22
id: 22
stamp: 1777801806.006852627
T_odom_lidar: 
   0.866359 -0.00742302    0.499367  -0.0114355
  0.0100968    0.999946 -0.00265297   0.0110238
   -0.49932  0.00734041    0.866387  -0.0029348
          0           0           0           1
T_world_lidar: 
   0.866359 -0.00742302    0.499367  -0.0114355
  0.0100968    0.999946 -0.00265297   0.0110238
   -0.49932  0.00734041    0.866387  -0.0029348
          0           0           0           1
v_world_imu: -3.22164e-06 -0.000367715    0.0011215
frame_23
id: 23
stamp: 1777801806.107115746
T_odom_lidar: 
    0.86635 -0.00749046    0.499381  -0.0114673
  0.0101153    0.999946 -0.00254976    0.010978
  -0.499335  0.00726035    0.866379 -0.00288428
          0           0           0           1
T_world_lidar: 
    0.86635 -0.00749046    0.499381  -0.0114673
  0.0101153    0.999946 -0.00254976    0.010978
  -0.499335  0.00726035    0.866379 -0.00288428
          0           0           0           1
v_world_imu:  2.47368e-05 -0.000136113  0.000477949
frame_24
id: 24
stamp: 1777801806.205869436
T_odom_lidar: 
   0.866386 -0.00744584     0.49932  -0.0114475
  0.0101006    0.999946 -0.00261463   0.0110462
  -0.499273  0.00730868    0.866414 -0.00301501
          0           0           0           1
T_world_lidar: 
   0.866386 -0.00744584     0.49932  -0.0114475
  0.0101006    0.999946 -0.00261463   0.0110462
  -0.499273  0.00730868    0.866414 -0.00301501
          0           0           0           1
v_world_imu: -0.000117186  -0.00010067   0.00101175
frame_25
id: 25
stamp: 1777801806.306764841
T_odom_lidar: 
   0.866358 -0.00755023    0.499366  -0.0114762
  0.0101809    0.999945 -0.00254415   0.0110257
  -0.499319  0.00728812    0.866387 -0.00294218
          0           0           0           1
T_world_lidar: 
   0.866358 -0.00755023    0.499366  -0.0114762
  0.0101809    0.999945 -0.00254415   0.0110257
  -0.499319  0.00728812    0.866387 -0.00294218
          0           0           0           1
v_world_imu: -9.96004e-05 -0.000153651  0.000702993
frame_26
id: 26
stamp: 1777801806.406707764
T_odom_lidar: 
    0.86635 -0.00757149    0.499379  -0.0114936
  0.0101942    0.999945 -0.00252451   0.0110552
  -0.499333  0.00727789     0.86638 -0.00293407
          0           0           0           1
T_world_lidar: 
    0.86635 -0.00757149    0.499379  -0.0114936
  0.0101942    0.999945 -0.00252451   0.0110552
  -0.499333  0.00727789     0.86638 -0.00293407
          0           0           0           1
v_world_imu: -0.000149489 -2.39798e-05  0.000724725
frame_27
id: 27
stamp: 1777801806.505960464
T_odom_lidar: 
   0.866333 -0.00747848    0.499411  -0.0115584
  0.0101284    0.999945 -0.00259604    0.011116
  -0.499364  0.00730726    0.866361 -0.00292397
          0           0           0           1
T_world_lidar: 
   0.866333 -0.00747848    0.499411  -0.0115584
  0.0101284    0.999945 -0.00259604    0.011116
  -0.499364  0.00730726    0.866361 -0.00292397
          0           0           0           1
v_world_imu: -0.000183889 -0.000287983  0.000789755
frame_28
id: 28
stamp: 1777801806.606728077
T_odom_lidar: 
   0.866319 -0.00751686    0.499435  -0.0115744
  0.0101566    0.999945 -0.00256771   0.0111103
  -0.499388  0.00729701    0.866348 -0.00289436
          0           0           0           1
T_world_lidar: 
   0.866319 -0.00751686    0.499435  -0.0115744
  0.0101566    0.999945 -0.00256771   0.0111103
  -0.499388  0.00729701    0.866348 -0.00289436
          0           0           0           1
v_world_imu:  0.000131068 -0.000540953  0.000900581
frame_29
id: 29
stamp: 1777801806.706916571
T_odom_lidar: 
   0.866297 -0.00745938    0.499474  -0.0115942
   0.010124    0.999945 -0.00262557   0.0111051
  -0.499427  0.00733119    0.866325 -0.00283787
          0           0           0           1
T_world_lidar: 
   0.866297 -0.00745938    0.499474  -0.0115942
   0.010124    0.999945 -0.00262557   0.0111051
  -0.499427  0.00733119    0.866325 -0.00283787
          0           0           0           1
v_world_imu:  0.000420768 -0.000703716  0.000914022
frame_30
id: 30
stamp: 1777801806.806769371
T_odom_lidar: 
   0.866319 -0.00749691    0.499434  -0.0114633
  0.0101027    0.999946 -0.00251413   0.0110364
  -0.499388  0.00722366    0.866348 -0.00278223
          0           0           0           1
T_world_lidar: 
   0.866319 -0.00749691    0.499434  -0.0114633
  0.0101027    0.999946 -0.00251413   0.0110364
  -0.499388  0.00722366    0.866348 -0.00278223
          0           0           0           1
v_world_imu:  0.000803403 -0.000660049   0.00104987
frame_31
id: 31
stamp: 1777801806.905964136
T_odom_lidar: 
   0.866349  -0.0074501    0.499384  -0.0113779
  0.0100818    0.999946 -0.00257242   0.0110656
  -0.499338  0.00726328    0.866377 -0.00280707
          0           0           0           1
T_world_lidar: 
   0.866349  -0.0074501    0.499384  -0.0113779
  0.0100818    0.999946 -0.00257242   0.0110656
  -0.499338  0.00726328    0.866377 -0.00280707
          0           0           0           1
v_world_imu: 0.000791711 -0.00071696  0.00174986
frame_32
id: 32
stamp: 1777801807.005995274
T_odom_lidar: 
   0.866381 -0.00754796    0.499326  -0.0112815
  0.0101525    0.999945 -0.00250013   0.0109836
   -0.49928  0.00723546    0.866411 -0.00264606
          0           0           0           1
T_world_lidar: 
   0.866381 -0.00754796    0.499326  -0.0112815
  0.0101525    0.999945 -0.00250013   0.0109836
   -0.49928  0.00723546    0.866411 -0.00264606
          0           0           0           1
v_world_imu:  0.000895613 -0.000984168   0.00111017
frame_33
id: 33
stamp: 1777801807.106996536
T_odom_lidar: 
   0.866409 -0.00744321    0.499279  -0.0112368
  0.0100722    0.999946 -0.00257137   0.0110269
  -0.499233  0.00725669    0.866438  -0.0026658
          0           0           0           1
T_world_lidar: 
   0.866409 -0.00744321    0.499279  -0.0112368
  0.0100722    0.999946 -0.00257137   0.0110269
  -0.499233  0.00725669    0.866438  -0.0026658
          0           0           0           1
v_world_imu:  0.000871318 -0.000755127   0.00188922
frame_34
id: 34
stamp: 1777801807.206851006
T_odom_lidar: 
    0.86642 -0.00753828    0.499258  -0.0111707
  0.0101584    0.999945 -0.00253096   0.0109722
  -0.499212  0.00726456     0.86645  -0.0025258
          0           0           0           1
T_world_lidar: 
    0.86642 -0.00753828    0.499258  -0.0111707
  0.0101584    0.999945 -0.00253096   0.0109722
  -0.499212  0.00726456     0.86645  -0.0025258
          0           0           0           1
v_world_imu:  0.000744741 -0.000591032   0.00083485
frame_35
id: 35
stamp: 1777801807.305911303
T_odom_lidar: 
   0.866416 -0.00749946    0.499266  -0.0111378
  0.0101331    0.999945 -0.00256461   0.0109938
   -0.49922  0.00728114    0.866445 -0.00257074
          0           0           0           1
T_world_lidar: 
   0.866416 -0.00749946    0.499266  -0.0111378
  0.0101331    0.999945 -0.00256461   0.0109938
   -0.49922  0.00728114    0.866445 -0.00257074
          0           0           0           1
v_world_imu:  0.000659143 -0.000618929   0.00152618
frame_36
id: 36
stamp: 1777801807.406726360
T_odom_lidar: 
     0.8664 -0.00760492    0.499293    -0.01106
  0.0101721    0.999945 -0.00242063   0.0109375
  -0.499247  0.00717609     0.86643  -0.0024351
          0           0           0           1
T_world_lidar: 
     0.8664 -0.00760492    0.499293    -0.01106
  0.0101721    0.999945 -0.00242063   0.0109375
  -0.499247  0.00717609     0.86643  -0.0024351
          0           0           0           1
v_world_imu:  0.000723827 -0.000671866  0.000888807
frame_37
id: 37
stamp: 1777801807.506697893
T_odom_lidar: 
   0.866418 -0.00759108    0.499262  -0.0109966
  0.0101737    0.999945  -0.0024517    0.010983
  -0.499217  0.00720356    0.866447 -0.00237192
          0           0           0           1
T_world_lidar: 
   0.866418 -0.00759108    0.499262  -0.0109966
  0.0101737    0.999945  -0.0024517    0.010983
  -0.499217  0.00720356    0.866447 -0.00237192
          0           0           0           1
v_world_imu:  0.00105742  -0.0002264 0.000945261
frame_38
id: 38
stamp: 1777801807.606662750
T_odom_lidar: 
   0.866455 -0.00759446    0.499197  -0.0108935
  0.0101747    0.999945 -0.00244764   0.0110111
  -0.499151  0.00719993    0.866485 -0.00234789
          0           0           0           1
T_world_lidar: 
   0.866455 -0.00759446    0.499197  -0.0108935
  0.0101747    0.999945 -0.00244764   0.0110111
  -0.499151  0.00719993    0.866485 -0.00234789
          0           0           0           1
v_world_imu: 0.000645457 -0.00013894 0.000441263
frame_39
id: 39
stamp: 1777801807.706695318
T_odom_lidar: 
   0.866435 -0.00758653    0.499232  -0.0109089
   0.010196    0.999945 -0.00249993   0.0110771
  -0.499186   0.0072562    0.866464 -0.00233481
          0           0           0           1
T_world_lidar: 
   0.866435 -0.00758653    0.499232  -0.0109089
   0.010196    0.999945 -0.00249993   0.0110771
  -0.499186   0.0072562    0.866464 -0.00233481
          0           0           0           1
v_world_imu:   7.2015e-05 -0.000226451  0.000646058
frame_40
id: 40
stamp: 1777801807.806758165
T_odom_lidar: 
   0.866432  -0.0075138    0.499238  -0.0108981
  0.0101235    0.999946 -0.00251966   0.0111235
  -0.499192  0.00723714    0.866461 -0.00234446
          0           0           0           1
T_world_lidar: 
   0.866432  -0.0075138    0.499238  -0.0108981
  0.0101235    0.999946 -0.00251966   0.0111235
  -0.499192  0.00723714    0.866461 -0.00234446
          0           0           0           1
v_world_imu:   0.00043632 -6.76597e-05  0.000658517
frame_41
id: 41
stamp: 1777801807.906738043
T_odom_lidar: 
   0.866456 -0.00755929    0.499196  -0.0108784
  0.0102159    0.999944 -0.00258961    0.011215
  -0.499148  0.00734349    0.866485 -0.00232805
          0           0           0           1
T_world_lidar: 
   0.866456 -0.00755929    0.499196  -0.0108784
  0.0102159    0.999944 -0.00258961    0.011215
  -0.499148  0.00734349    0.866485 -0.00232805
          0           0           0           1
v_world_imu: 0.000512874 4.89785e-05 0.000536431
frame_42
id: 42
stamp: 1777801808.006694794
T_odom_lidar: 
   0.866445 -0.00744419    0.499217  -0.0108904
   0.010121    0.999945 -0.00265522   0.0113011
   -0.49917  0.00735319    0.866473  -0.0024315
          0           0           0           1
T_world_lidar: 
   0.866445 -0.00744419    0.499217  -0.0108904
   0.010121    0.999945 -0.00265522   0.0113011
   -0.49917  0.00735319    0.866473  -0.0024315
          0           0           0           1
v_world_imu:    3.687e-06 -7.35931e-05   0.00105234
frame_43
id: 43
stamp: 1777801808.106863737
T_odom_lidar: 
   0.866411 -0.00746907    0.499276  -0.0109529
  0.0101366    0.999945 -0.00263139   0.0113252
  -0.499229  0.00734083    0.866439  -0.0024531
          0           0           0           1
T_world_lidar: 
   0.866411 -0.00746907    0.499276  -0.0109529
  0.0101366    0.999945 -0.00263139   0.0113252
  -0.499229  0.00734083    0.866439  -0.0024531
          0           0           0           1
v_world_imu:  9.11345e-05 -0.000294006   0.00119152
frame_44
id: 44
stamp: 1777801808.206743956
T_odom_lidar: 
   0.866433 -0.00753786    0.499236   -0.010964
  0.0101682    0.999945 -0.00254908    0.011297
  -0.499189  0.00728492    0.866463 -0.00239112
          0           0           0           1
T_world_lidar: 
   0.866433 -0.00753786    0.499236   -0.010964
  0.0101682    0.999945 -0.00254908    0.011297
  -0.499189  0.00728492    0.866463 -0.00239112
          0           0           0           1
v_world_imu:  4.08391e-05 -0.000173054  0.000512226
frame_45
id: 45
stamp: 1777801808.307026625
T_odom_lidar: 
   0.866445 -0.00760321    0.499214  -0.0109545
  0.0102209    0.999945 -0.00251004   0.0113099
  -0.499167  0.00727722    0.866475 -0.00242128
          0           0           0           1
T_world_lidar: 
   0.866445 -0.00760321    0.499214  -0.0109545
  0.0102209    0.999945 -0.00251004   0.0113099
  -0.499167  0.00727722    0.866475 -0.00242128
          0           0           0           1
v_world_imu: -0.000164299 -0.000350862  0.000205335
frame_46
id: 46
stamp: 1777801808.407020807
T_odom_lidar: 
   0.866426 -0.00769453    0.499246  -0.0110209
  0.0103284    0.999944 -0.00251319   0.0113286
  -0.499199   0.0073339    0.866457 -0.00245293
          0           0           0           1
T_world_lidar: 
   0.866426 -0.00769453    0.499246  -0.0110209
  0.0103284    0.999944 -0.00251319   0.0113286
  -0.499199   0.0073339    0.866457 -0.00245293
          0           0           0           1
v_world_imu: -0.000168567 -0.000467334  0.000231093
frame_47
id: 47
stamp: 1777801808.505950212
T_odom_lidar: 
   0.866404 -0.00765973    0.499285  -0.0109984
  0.0102464    0.999945  -0.0024399   0.0113314
  -0.499239  0.00722981    0.866434 -0.00248854
          0           0           0           1
T_world_lidar: 
   0.866404 -0.00765973    0.499285  -0.0109984
  0.0102464    0.999945  -0.0024399   0.0113314
  -0.499239  0.00722981    0.866434 -0.00248854
          0           0           0           1
v_world_imu:  0.000133739 -0.000489427  0.000332926
frame_48
id: 48
stamp: 1777801808.606813908
T_odom_lidar: 
   0.866388 -0.00758928    0.499313  -0.0110234
  0.0102123    0.999945 -0.00252137   0.0114451
  -0.499267  0.00728362    0.866418 -0.00261126
          0           0           0           1
T_world_lidar: 
   0.866388 -0.00758928    0.499313  -0.0110234
  0.0102123    0.999945 -0.00252137   0.0114451
  -0.499267  0.00728362    0.866418 -0.00261126
          0           0           0           1
v_world_imu: -0.000350728 -0.000561072   0.00082571
frame_49
id: 49
stamp: 1777801808.706830740
T_odom_lidar: 
   0.866357 -0.00743403    0.499369   -0.011173
  0.0100999    0.999946  -0.0026364    0.011523
  -0.499323  0.00732767    0.866385 -0.00338869
          0           0           0           1
T_world_lidar: 
   0.866357 -0.00743403    0.499369   -0.011173
  0.0100999    0.999946  -0.0026364    0.011523
  -0.499323  0.00732767    0.866385 -0.00338869
          0           0           0           1
v_world_imu: -0.000325294 -0.000503499   0.00168842
frame_50
id: 50
stamp: 1777801808.805633545
T_odom_lidar: 
   0.866374  -0.0074365     0.49934  -0.0112039
  0.0101172    0.999945  -0.0026619   0.0114576
  -0.499293  0.00735813    0.866402 -0.00324901
          0           0           0           1
T_world_lidar: 
   0.866374  -0.0074365     0.49934  -0.0112039
  0.0101172    0.999945  -0.0026619   0.0114576
  -0.499293  0.00735813    0.866402 -0.00324901
          0           0           0           1
v_world_imu: -0.000105399 -0.000570662   0.00169144
frame_51
id: 51
stamp: 1777801808.906697989
T_odom_lidar: 
   0.866378  -0.0072668    0.499337  -0.0111901
 0.00994725    0.999947 -0.00270691   0.0114237
   -0.49929  0.00731223    0.866404 -0.00457496
          0           0           0           1
T_world_lidar: 
   0.866378  -0.0072668    0.499337  -0.0111901
 0.00994725    0.999947 -0.00270691   0.0114237
   -0.49929  0.00731223    0.866404 -0.00457496
          0           0           0           1
v_world_imu:   0.00014327  0.000111684 -7.83905e-05
frame_52
id: 52
stamp: 1777801809.006714582
T_odom_lidar: 
   0.866373 -0.00720638    0.499345  -0.0111891
 0.00989476    0.999947 -0.00273668   0.0114023
  -0.499299  0.00731189    0.866399 -0.00459382
          0           0           0           1
T_world_lidar: 
   0.866373 -0.00720638    0.499345  -0.0111891
 0.00989476    0.999947 -0.00273668   0.0114023
  -0.499299  0.00731189    0.866399 -0.00459382
          0           0           0           1
v_world_imu: -8.13375e-05  7.68315e-05  0.000129463
frame_53
id: 53
stamp: 1777801809.106881857
T_odom_lidar: 
   0.866394 -0.00726167    0.499308  -0.0111768
 0.00993099    0.999947 -0.00268944   0.0113891
  -0.499263  0.00728875     0.86642 -0.00460606
          0           0           0           1
T_world_lidar: 
   0.866394 -0.00726167    0.499308  -0.0111768
 0.00993099    0.999947 -0.00268944   0.0113891
  -0.499263  0.00728875     0.86642 -0.00460606
          0           0           0           1
v_world_imu:  0.000190589  6.14586e-05 -4.42002e-05
frame_54
id: 54
stamp: 1777801809.206940889
T_odom_lidar: 
    0.86643 -0.00729023    0.499246  -0.0111627
 0.00994428    0.999947 -0.00265637    0.011374
    -0.4992   0.0072662    0.866456 -0.00462232
          0           0           0           1
T_world_lidar: 
    0.86643 -0.00729023    0.499246  -0.0111627
 0.00994428    0.999947 -0.00265637    0.011374
    -0.4992   0.0072662    0.866456 -0.00462232
          0           0           0           1
v_world_imu:  0.000167497  4.41196e-05 -7.59574e-05
frame_55
id: 55
stamp: 1777801809.306736469
T_odom_lidar: 
   0.866463 -0.00733146    0.499187  -0.0111578
   0.010005    0.999946 -0.00268018   0.0113814
  -0.499141  0.00731665     0.86649 -0.00463489
          0           0           0           1
T_world_lidar: 
   0.866463 -0.00733146    0.499187  -0.0111578
   0.010005    0.999946 -0.00268018   0.0113814
  -0.499141  0.00731665     0.86649 -0.00463489
          0           0           0           1
v_world_imu:   6.9134e-05  0.000190181 -0.000184639
frame_56
id: 56
stamp: 1777801809.406700373
T_odom_lidar: 
   0.866441 -0.00726406    0.499227  -0.0111511
 0.00993769    0.999947 -0.00269767   0.0113704
  -0.499181  0.00729853    0.866467 -0.00464443
          0           0           0           1
T_world_lidar: 
   0.866441 -0.00726406    0.499227  -0.0111511
 0.00993769    0.999947 -0.00269767   0.0113704
  -0.499181  0.00729853    0.866467 -0.00464443
          0           0           0           1
v_world_imu: -0.000272563 -9.68592e-05  -0.00035975
frame_57
id: 57
stamp: 1777801809.506719589
T_odom_lidar: 
   0.866408 -0.00722492    0.499284   -0.011158
 0.00988196    0.999948 -0.00267836   0.0113583
  -0.499239  0.00725446    0.866434 -0.00467835
          0           0           0           1
T_world_lidar: 
   0.866408 -0.00722492    0.499284   -0.011158
 0.00988196    0.999948 -0.00267836   0.0113583
  -0.499239  0.00725446    0.866434 -0.00467835
          0           0           0           1
v_world_imu: -5.16084e-05 -7.65475e-05  -0.00044476
frame_58
id: 58
stamp: 1777801809.606722355
T_odom_lidar: 
   0.866384 -0.00722115    0.499327  -0.0111691
 0.00988723    0.999947 -0.00269435   0.0113332
  -0.499281  0.00727129     0.86641 -0.00470781
          0           0           0           1
T_world_lidar: 
   0.866384 -0.00722115    0.499327  -0.0111691
 0.00988723    0.999947 -0.00269435   0.0113332
  -0.499281  0.00727129     0.86641 -0.00470781
          0           0           0           1
v_world_imu: -0.000322466 -0.000142962 -0.000469034
frame_59
id: 59
stamp: 1777801809.706819534
T_odom_lidar: 
   0.866383  -0.0072262    0.499328  -0.0111691
 0.00987385    0.999948 -0.00266099   0.0113197
  -0.499283  0.00723573    0.866409 -0.00472459
          0           0           0           1
T_world_lidar: 
   0.866383  -0.0072262    0.499328  -0.0111691
 0.00987385    0.999948 -0.00266099   0.0113197
  -0.499283  0.00723573    0.866409 -0.00472459
          0           0           0           1
v_world_imu: -6.95447e-05 -0.000198692 -0.000475475
frame_60
id: 60
stamp: 1777801809.806831121
T_odom_lidar: 
   0.866382 -0.00720545     0.49933  -0.0111425
 0.00988437    0.999947 -0.00272079   0.0113015
  -0.499284   0.0072928    0.866408 -0.00473702
          0           0           0           1
T_world_lidar: 
   0.866382 -0.00720545     0.49933  -0.0111425
 0.00988437    0.999947 -0.00272079   0.0113015
  -0.499284   0.0072928    0.866408 -0.00473702
          0           0           0           1
v_world_imu:  2.48329e-05 -0.000309886 -0.000539769
frame_61
id: 61
stamp: 1777801809.905974388
T_odom_lidar: 
   0.866397 -0.00721664    0.499304  -0.0111079
 0.00992998    0.999947 -0.00277796   0.0112898
  -0.499257   0.0073649    0.866422 -0.00475278
          0           0           0           1
T_world_lidar: 
   0.866397 -0.00721664    0.499304  -0.0111079
 0.00992998    0.999947 -0.00277796   0.0112898
  -0.499257   0.0073649    0.866422 -0.00475278
          0           0           0           1
v_world_imu:  4.68744e-05 -0.000329233 -0.000442215
frame_62
id: 62
stamp: 1777801810.005889893
T_odom_lidar: 
    0.86641 -0.00724846    0.499281  -0.0110921
 0.00995335    0.999947 -0.00275518   0.0112736
  -0.499234  0.00735663    0.866436 -0.00477842
          0           0           0           1
T_world_lidar: 
    0.86641 -0.00724846    0.499281  -0.0110921
 0.00995335    0.999947 -0.00275518   0.0112736
  -0.499234  0.00735663    0.866436 -0.00477842
          0           0           0           1
v_world_imu:  0.000157687 -0.000347493 -0.000531016
frame_63
id: 63
stamp: 1777801810.107013941
T_odom_lidar: 
   0.866408 -0.00720151    0.499285  -0.0110705
 0.00987502    0.999948  -0.0027132   0.0112484
  -0.499239  0.00728118    0.866434 -0.00479741
          0           0           0           1
T_world_lidar: 
   0.866408 -0.00720151    0.499285  -0.0110705
 0.00987502    0.999948  -0.0027132   0.0112484
  -0.499239  0.00728118    0.866434 -0.00479741
          0           0           0           1
v_world_imu:  1.15595e-05 -0.000305551 -0.000236274
frame_64
id: 64
stamp: 1777801810.206808090
T_odom_lidar: 
   0.866398 -0.00724707    0.499302  -0.0110745
 0.00991448    0.999947 -0.00269014   0.0112417
  -0.499256  0.00728105    0.866424 -0.00479728
          0           0           0           1
T_world_lidar: 
   0.866398 -0.00724707    0.499302  -0.0110745
 0.00991448    0.999947 -0.00269014   0.0112417
  -0.499256  0.00728105    0.866424 -0.00479728
          0           0           0           1
v_world_imu: -3.58976e-05 -0.000182729 -8.85318e-05
frame_65
id: 65
stamp: 1777801810.306793213
T_odom_lidar: 
   0.866371 -0.00724988    0.499348  -0.0110772
 0.00992634    0.999947 -0.00270432   0.0112307
  -0.499302  0.00729965    0.866397 -0.00479715
          0           0           0           1
T_world_lidar: 
   0.866371 -0.00724988    0.499348  -0.0110772
 0.00992634    0.999947 -0.00270432   0.0112307
  -0.499302  0.00729965    0.866397 -0.00479715
          0           0           0           1
v_world_imu:   0.00016729 -0.000199316  0.000105264
frame_66
id: 66
stamp: 1777801810.406800508
T_odom_lidar: 
   0.866359 -0.00725005    0.499368  -0.0110788
 0.00995075    0.999947   -0.002746   0.0112315
  -0.499322  0.00734811    0.866385 -0.00479596
          0           0           0           1
T_world_lidar: 
   0.866359 -0.00725005    0.499368  -0.0110788
 0.00995075    0.999947   -0.002746   0.0112315
  -0.499322  0.00734811    0.866385 -0.00479596
          0           0           0           1
v_world_imu: 0.000221039 0.000108452 9.07556e-05
frame_67
id: 67
stamp: 1777801810.506860495
T_odom_lidar: 
   0.866351 -0.00723018    0.499383  -0.0110761
 0.00995259    0.999947 -0.00278872    0.011229
  -0.499336  0.00738617    0.866377 -0.00480759
          0           0           0           1
T_world_lidar: 
   0.866351 -0.00723018    0.499383  -0.0110761
 0.00995259    0.999947 -0.00278872    0.011229
  -0.499336  0.00738617    0.866377 -0.00480759
          0           0           0           1
v_world_imu:  0.000130094  1.64344e-05 -3.41587e-05
frame_68
id: 68
stamp: 1777801810.606758833
T_odom_lidar: 
   0.866338 -0.00724059    0.499406  -0.0110764
 0.00994591    0.999947  -0.0027559   0.0112156
  -0.499359  0.00735458    0.866364 -0.00482311
          0           0           0           1
T_world_lidar: 
   0.866338 -0.00724059    0.499406  -0.0110764
 0.00994591    0.999947  -0.0027559   0.0112156
  -0.499359  0.00735458    0.866364 -0.00482311
          0           0           0           1
v_world_imu:  0.000190897 -2.15154e-05   0.00010572
frame_69
id: 69
stamp: 1777801810.706818581
T_odom_lidar: 
   0.866341 -0.00721137    0.499401  -0.0110751
 0.00990013    0.999947 -0.00273508   0.0111966
  -0.499355  0.00731364    0.866367 -0.00483576
          0           0           0           1
T_world_lidar: 
   0.866341 -0.00721137    0.499401  -0.0110751
 0.00990013    0.999947 -0.00273508   0.0111966
  -0.499355  0.00731364    0.866367 -0.00483576
          0           0           0           1
v_world_imu: 0.000401165 0.000193642 0.000347543
frame_70
id: 70
stamp: 1777801810.806742430
T_odom_lidar: 
    0.86635 -0.00721804    0.499385   -0.011059
 0.00990259    0.999947 -0.00272625   0.0111907
  -0.499339  0.00730709    0.866376 -0.00483773
          0           0           0           1
T_world_lidar: 
    0.86635 -0.00721804    0.499385   -0.011059
 0.00990259    0.999947 -0.00272625   0.0111907
  -0.499339  0.00730709    0.866376 -0.00483773
          0           0           0           1
v_world_imu: 0.000302341 0.000159615 0.000203839
frame_71
id: 71
stamp: 1777801810.906807661
T_odom_lidar: 
   0.866341 -0.00720208    0.499401  -0.0110402
   0.009871    0.999948 -0.00270314   0.0111839
  -0.499355  0.00727142    0.866367 -0.00483582
          0           0           0           1
T_world_lidar: 
   0.866341 -0.00720208    0.499401  -0.0110402
   0.009871    0.999948 -0.00270314   0.0111839
  -0.499355  0.00727142    0.866367 -0.00483582
          0           0           0           1
v_world_imu: 0.000197702 6.50652e-05 0.000392134
frame_72
id: 72
stamp: 1777801811.006826162
T_odom_lidar: 
   0.866355 -0.00717823    0.499378  -0.0110274
 0.00985157    0.999948 -0.00271757   0.0111917
  -0.499332  0.00727403     0.86638 -0.00481928
          0           0           0           1
T_world_lidar: 
   0.866355 -0.00717823    0.499378  -0.0110274
 0.00985157    0.999948 -0.00271757   0.0111917
  -0.499332  0.00727403     0.86638 -0.00481928
          0           0           0           1
v_world_imu: 0.000567068 0.000320704 0.000752853
frame_73
id: 73
stamp: 1777801811.106927633
T_odom_lidar: 
   0.866363  -0.0071691    0.499364  -0.0109968
 0.00984206    0.999948 -0.00271959   0.0112227
  -0.499318  0.00727092    0.866388 -0.00476107
          0           0           0           1
T_world_lidar: 
   0.866363  -0.0071691    0.499364  -0.0109968
 0.00984206    0.999948 -0.00271959   0.0112227
  -0.499318  0.00727092    0.866388 -0.00476107
          0           0           0           1
v_world_imu: 0.000647913 0.000852085 0.000918599
frame_74
id: 74
stamp: 1777801811.206958771
T_odom_lidar: 
   0.866378  -0.0072115    0.499337  -0.0109448
 0.00989741    0.999947 -0.00273118   0.0112763
  -0.499291  0.00730838    0.866403 -0.00468139
          0           0           0           1
T_world_lidar: 
   0.866378  -0.0072115    0.499337  -0.0109448
 0.00989741    0.999947 -0.00273118   0.0112763
  -0.499291  0.00730838    0.866403 -0.00468139
          0           0           0           1
v_world_imu: 0.000168371 0.000649682 0.000987617
frame_75
id: 75
stamp: 1777801811.306808472
T_odom_lidar: 
   0.866352 -0.00724081    0.499381   -0.010916
 0.00993694    0.999947 -0.00274033   0.0113345
  -0.499335  0.00733641    0.866378 -0.00461425
          0           0           0           1
T_world_lidar: 
   0.866352 -0.00724081    0.499381   -0.010916
 0.00993694    0.999947 -0.00274033   0.0113345
  -0.499335  0.00733641    0.866378 -0.00461425
          0           0           0           1
v_world_imu: 0.000508339 0.000700068 0.000784205
frame_76
id: 76
stamp: 1777801811.406641722
T_odom_lidar: 
    0.86638 -0.00720116    0.499333  -0.0108811
 0.00992661    0.999947 -0.00280261    0.011389
  -0.499287  0.00738481    0.866405 -0.00455285
          0           0           0           1
T_world_lidar: 
    0.86638 -0.00720116    0.499333  -0.0108811
