id: 8
T_world_origin: 
   0.0990214     0.995085 -0.000783083      1.72984
    -0.98898    0.0985009     0.110522      2.23838
    0.110056   -0.0101696     0.993873   0.00509431
           0            0            0            1
T_origin_endpoint_L: 
   0.999944  0.00449059 -0.00958571     1.47022
 -0.0044754    0.999989  0.00160511   0.0152368
 0.00959281 -0.00156212    0.999953   -0.160891
          0           0           0           1
T_origin_endpoint_R: 
   0.933083   -0.359619 -0.00558594    -1.85677
    0.35915     0.93247  -0.0388704  -0.0938609
  0.0191872   0.0342631    0.999229    0.188513
          0           0           0           1
T_lidar_imu: 
     1      0      0  0.006
     0      1      0 -0.012
     0      0      1  0.008
     0      0      0      1
imu_bias: -0.000235115 -0.000876506  -0.00608597 -0.000329504 -0.000627156   0.00188199
frame_id: 2
num_frames: 191
frame_0
id: 1246
stamp: 1777101603.462685823
T_odom_lidar: 
   0.0945549      0.99552 -0.000135013      1.90209
   -0.988306     0.093886     0.120155     0.774173
     0.11963   -0.0112278     0.992755   -0.0019526
           0            0            0            1
T_world_lidar: 
   0.0945549      0.99552 -0.000135013      1.90209
   -0.988306     0.093886     0.120155     0.774173
     0.11963   -0.0112278     0.992755   -0.0019526
           0            0            0            1
v_world_imu:   0.0344987    0.286522 -0.00137348
frame_1
id: 1247
stamp: 1777101603.562685728
T_odom_lidar: 
   0.116091    0.993227 -0.00478443     1.90579
  -0.985982    0.115823    0.120102    0.798382
   0.119843 -0.00922544     0.99275 -0.00201526
          0           0           0           1
T_world_lidar: 
   0.116091    0.993227 -0.00478443     1.90579
  -0.985982    0.115823    0.120102    0.798382
   0.119843 -0.00922544     0.99275 -0.00201526
          0           0           0           1
v_world_imu:   0.0711002    0.228452 -0.00302867
frame_2
id: 1248
stamp: 1777101603.662101984
T_odom_lidar: 
   0.129123    0.991625 -0.00257116     1.91265
  -0.984626    0.128519    0.118299    0.821399
   0.117639  -0.0127435    0.992975 -0.00253859
          0           0           0           1
T_world_lidar: 
   0.129123    0.991625 -0.00257116     1.91265
  -0.984626    0.128519    0.118299    0.821399
   0.117639  -0.0127435    0.992975 -0.00253859
          0           0           0           1
v_world_imu:   0.0234681    0.238472 -0.00255374
frame_3
id: 1249
stamp: 1777101603.762383938
T_odom_lidar: 
   0.124067    0.992266 -0.00383992     1.90841
  -0.985105    0.123634    0.119512    0.843082
   0.119062  -0.0110447    0.992825 -0.00217041
          0           0           0           1
T_world_lidar: 
   0.124067    0.992266 -0.00383992     1.90841
  -0.985105    0.123634    0.119512    0.843082
   0.119062  -0.0110447    0.992825 -0.00217041
          0           0           0           1
v_world_imu: -0.0592032   0.220716 0.00847148
frame_4
id: 1250
stamp: 1777101603.862199068
T_odom_lidar: 
   0.124539    0.992207 -0.00388822     1.90717
  -0.985155    0.124118    0.118594    0.861906
   0.118153  -0.0109391    0.992935 -0.00226548
          0           0           0           1
T_world_lidar: 
   0.124539    0.992207 -0.00388822     1.90717
  -0.985155    0.124118    0.118594    0.861906
   0.118153  -0.0109391    0.992935 -0.00226548
          0           0           0           1
v_world_imu:   0.0323701    0.180101 -0.00686113
frame_5
id: 1251
stamp: 1777101603.962036371
T_odom_lidar: 
    0.13094     0.99139 -0.00119679     1.91077
  -0.984538    0.130177    0.117217    0.881527
   0.116363    -0.01417    0.993106  -0.0028752
          0           0           0           1
T_world_lidar: 
    0.13094     0.99139 -0.00119679     1.91077
  -0.984538    0.130177    0.117217    0.881527
   0.116363    -0.01417    0.993106  -0.0028752
          0           0           0           1
v_world_imu:  -0.0105861    0.185803 -0.00286139
frame_6
id: 1252
stamp: 1777101604.162328005
T_odom_lidar: 
    0.128942     0.991652 -0.000693045      1.90768
   -0.984846     0.128139     0.116869     0.925693
    0.115982   -0.0143868     0.993147  -0.00287983
           0            0            0            1
T_world_lidar: 
    0.128942     0.991652 -0.000693045      1.90768
   -0.984846     0.128139     0.116869     0.925693
    0.115982   -0.0143868     0.993147  -0.00287983
           0            0            0            1
v_world_imu:    0.020284    0.240525 -0.00474026
frame_7
id: 1253
stamp: 1777101604.262084007
T_odom_lidar: 
    0.128345     0.991729 -0.000675124      1.90719
   -0.985006     0.127554      0.11616     0.946453
    0.115286   -0.0142436      0.99323  -0.00305439
           0            0            0            1
T_world_lidar: 
    0.128345     0.991729 -0.000675124      1.90719
   -0.985006     0.127554      0.11616     0.946453
    0.115286   -0.0142436      0.99323  -0.00305439
           0            0            0            1
v_world_imu:   -0.0367397     0.170909 -0.000873206
frame_8
id: 1254
stamp: 1777101604.362121105
T_odom_lidar: 
   0.124996    0.992155 -0.00190668      1.9044
  -0.985427    0.124371     0.11604    0.966634
   0.115367  -0.0126256    0.993243 -0.00290472
          0           0           0           1
T_world_lidar: 
   0.124996    0.992155 -0.00190668      1.9044
  -0.985427    0.124371     0.11604    0.966634
   0.115367  -0.0126256    0.993243 -0.00290472
          0           0           0           1
v_world_imu:  -0.00558576      0.22825 -5.17819e-06
frame_9
id: 1255
stamp: 1777101604.462069273
T_odom_lidar: 
   0.126158    0.992009 -0.00153104     1.90436
  -0.985351     0.12549    0.115481    0.989412
    0.11475  -0.0130603    0.993309 -0.00303987
          0           0           0           1
T_world_lidar: 
   0.126158    0.992009 -0.00153104     1.90436
  -0.985351     0.12549    0.115481    0.989412
    0.11475  -0.0130603    0.993309 -0.00303987
          0           0           0           1
v_world_imu: -0.00487802    0.224565  0.00138419
frame_10
id: 1256
stamp: 1777101604.562333107
T_odom_lidar: 
   0.123099     0.99239 -0.00279943     1.90191
  -0.985796    0.122605    0.114781     1.00944
   0.114251  -0.0113698    0.993387 -0.00270771
          0           0           0           1
T_world_lidar: 
   0.123099     0.99239 -0.00279943     1.90191
  -0.985796    0.122605    0.114781     1.00944
   0.114251  -0.0113698    0.993387 -0.00270771
          0           0           0           1
v_world_imu: -0.0301258   0.199166 0.00403321
frame_11
id: 1257
stamp: 1777101604.662134171
T_odom_lidar: 
   0.123501    0.992343  -0.0017003      1.9017
  -0.985679     0.12287    0.115497     1.03199
   0.114821   -0.012588    0.993306 -0.00269153
          0           0           0           1
T_world_lidar: 
   0.123501    0.992343  -0.0017003      1.9017
  -0.985679     0.12287    0.115497     1.03199
   0.114821   -0.012588    0.993306 -0.00269153
          0           0           0           1
v_world_imu: 0.0125393  0.206455  -0.00276
frame_12
id: 1258
stamp: 1777101604.762101650
T_odom_lidar: 
   0.121117    0.992633 -0.00327618     1.90043
   -0.98617    0.120703    0.113572     1.04714
    0.11313  -0.0105246    0.993524 -0.00300174
          0           0           0           1
T_world_lidar: 
   0.121117    0.992633 -0.00327618     1.90043
   -0.98617    0.120703    0.113572     1.04714
    0.11313  -0.0105246    0.993524 -0.00300174
          0           0           0           1
v_world_imu: -0.0158233   0.153123 0.00218587
frame_13
id: 1259
stamp: 1777101604.862277269
T_odom_lidar: 
   0.118972    0.992891 -0.00365904     1.89913
  -0.986453    0.118618    0.113311     1.06501
    0.11294 -0.00987139    0.993553 -0.00305942
          0           0           0           1
T_world_lidar: 
   0.118972    0.992891 -0.00365904     1.89913
  -0.986453    0.118618    0.113311     1.06501
    0.11294 -0.00987139    0.993553 -0.00305942
          0           0           0           1
v_world_imu:  -0.0121687    0.212915 0.000975617
frame_14
id: 1260
stamp: 1777101604.962171078
T_odom_lidar: 
   0.117335    0.993088 -0.00299334      1.8981
  -0.986594    0.116911    0.113858      1.0851
   0.113421  -0.0104063    0.993493 -0.00323709
          0           0           0           1
T_world_lidar: 
   0.117335    0.993088 -0.00299334      1.8981
  -0.986594    0.116911    0.113858      1.0851
   0.113421  -0.0104063    0.993493 -0.00323709
          0           0           0           1
v_world_imu: -0.017793  0.156046 -0.004704
frame_15
id: 1261
stamp: 1777101605.062071323
T_odom_lidar: 
   0.115912    0.993256 -0.00278396     1.89734
  -0.986828    0.115479    0.113292     1.10137
   0.112849  -0.0103846    0.993558 -0.00381885
          0           0           0           1
T_world_lidar: 
   0.115912    0.993256 -0.00278396     1.89734
  -0.986828    0.115479    0.113292     1.10137
   0.112849  -0.0103846    0.993558 -0.00381885
          0           0           0           1
v_world_imu: 0.000598781    0.158669 -0.00104086
frame_16
id: 1262
stamp: 1777101605.162210464
T_odom_lidar: 
   0.115617    0.993291  -0.0025444      1.8971
  -0.986835    0.115157    0.113557     1.11384
   0.113088  -0.0106183    0.993528 -0.00377457
          0           0           0           1
T_world_lidar: 
   0.115617    0.993291  -0.0025444      1.8971
  -0.986835    0.115157    0.113557     1.11384
   0.113088  -0.0106183    0.993528 -0.00377457
          0           0           0           1
v_world_imu: -0.00894611   0.0811594 0.000781899
frame_17
id: 1263
stamp: 1777101605.262145042
T_odom_lidar: 
   0.114224    0.993452 -0.00255407     1.89688
  -0.987066     0.11378    0.112933     1.12005
   0.112485  -0.0103786    0.993599 -0.00388917
          0           0           0           1
T_world_lidar: 
   0.114224    0.993452 -0.00255407     1.89688
  -0.987066     0.11378    0.112933     1.12005
   0.112485  -0.0103786    0.993599 -0.00388917
          0           0           0           1
v_world_imu:   0.0102564   0.0495981 -0.00204498
frame_18
id: 1264
stamp: 1777101605.362105608
T_odom_lidar: 
   0.114418    0.993431 -0.00201652     1.89684
  -0.987019     0.11391    0.113218     1.12255
   0.112704  -0.0109638    0.993568 -0.00425565
          0           0           0           1
T_world_lidar: 
   0.114418    0.993431 -0.00201652     1.89684
  -0.987019     0.11391    0.113218     1.12255
   0.112704  -0.0109638    0.993568 -0.00425565
          0           0           0           1
v_world_imu: -0.00180168 -0.00154143  0.00167764
frame_19
id: 1265
stamp: 1777101605.462213516
T_odom_lidar: 
   0.113089     0.99358 -0.00317478      1.8966
  -0.987233    0.112726    0.112537     1.12052
   0.112173 -0.00959246    0.993642  -0.0041686
          0           0           0           1
T_world_lidar: 
   0.113089     0.99358 -0.00317478      1.8966
  -0.987233    0.112726    0.112537     1.12052
   0.112173 -0.00959246    0.993642  -0.0041686
          0           0           0           1
v_world_imu: 0.00566274  -0.011666 0.00033255
frame_20
id: 1266
stamp: 1777101605.562216997
T_odom_lidar: 
   0.114491    0.993422 -0.00208583     1.89728
  -0.987047    0.113993    0.112887     1.12138
   0.112382  -0.0108657    0.993606 -0.00453373
          0           0           0           1
T_world_lidar: 
   0.114491    0.993422 -0.00208583     1.89728
  -0.987047    0.113993    0.112887     1.12138
   0.112382  -0.0108657    0.993606 -0.00453373
          0           0           0           1
v_world_imu: 0.00414209 0.00679894 0.00145541
frame_21
id: 1267
stamp: 1777101605.662090778
T_odom_lidar: 
   0.112514    0.993647 -0.00266907     1.89541
  -0.987275    0.112096    0.112797     1.12044
    0.11238  -0.0100562    0.993614 -0.00650075
          0           0           0           1
T_world_lidar: 
   0.112514    0.993647 -0.00266907     1.89541
  -0.987275    0.112096    0.112797     1.12044
    0.11238  -0.0100562    0.993614 -0.00650075
          0           0           0           1
v_world_imu: -0.00373466 -0.00821584 0.000693955
frame_22
id: 1268
stamp: 1777101605.762231588
T_odom_lidar: 
   0.114189    0.993457 -0.00207465     1.89628
  -0.987095    0.113694    0.112773     1.12092
   0.112271  -0.0108296    0.993619 -0.00652598
          0           0           0           1
T_world_lidar: 
   0.114189    0.993457 -0.00207465     1.89628
  -0.987095    0.113694    0.112773     1.12092
   0.112271  -0.0108296    0.993619 -0.00652598
          0           0           0           1
v_world_imu: 0.00745324  0.0067194 0.00115324
frame_23
id: 1269
stamp: 1777101605.862205267
T_odom_lidar: 
    0.11305    0.993586 -0.00259255     1.89577
  -0.987239    0.112621    0.112587     1.12052
   0.112157  -0.0101685    0.993638 -0.00712113
          0           0           0           1
T_world_lidar: 
    0.11305    0.993586 -0.00259255     1.89577
  -0.987239    0.112621    0.112587     1.12052
   0.112157  -0.0101685    0.993638 -0.00712113
          0           0           0           1
v_world_imu: -0.00938639 -0.00499811  0.00069729
frame_24
id: 1270
stamp: 1777101605.962291241
T_odom_lidar: 
   0.113384    0.993549  -0.0022928     1.89585
   -0.98718    0.112917     0.11281     1.12105
   0.112341  -0.0105274    0.993614 -0.00717567
          0           0           0           1
T_world_lidar: 
   0.113384    0.993549  -0.0022928     1.89585
   -0.98718    0.112917     0.11281     1.12105
   0.112341  -0.0105274    0.993614 -0.00717567
          0           0           0           1
v_world_imu:   0.0075093  0.00634661 -0.00100755
frame_25
id: 1271
stamp: 1777101606.062263727
T_odom_lidar: 
   0.113328    0.993555 -0.00248681     1.89581
  -0.987219    0.112887    0.112497      1.1207
   0.112052   -0.010294    0.993649 -0.00723745
          0           0           0           1
T_world_lidar: 
   0.113328    0.993555 -0.00248681     1.89581
  -0.987219    0.112887    0.112497      1.1207
   0.112052   -0.010294    0.993649 -0.00723745
          0           0           0           1
v_world_imu: -0.00675261 -0.00200558 0.000712619
frame_26
id: 1272
stamp: 1777101606.162162781
T_odom_lidar: 
   0.113374     0.99355 -0.00220588      1.8956
  -0.987196    0.112899    0.112683     1.12142
   0.112205  -0.0105977    0.993629 -0.00722057
          0           0           0           1
T_world_lidar: 
   0.113374     0.99355 -0.00220588      1.8956
  -0.987196    0.112899    0.112683     1.12142
   0.112205  -0.0105977    0.993629 -0.00722057
          0           0           0           1
v_world_imu:  0.00216666  0.00782683 6.00543e-05
frame_27
id: 1273
stamp: 1777101606.262324810
T_odom_lidar: 
    0.11325    0.993564 -0.00228006     1.89558
  -0.987251    0.112789    0.112312     1.12126
   0.111847  -0.0104685     0.99367 -0.00725649
          0           0           0           1
T_world_lidar: 
    0.11325    0.993564 -0.00228006     1.89558
  -0.987251    0.112789    0.112312     1.12126
   0.111847  -0.0104685     0.99367 -0.00725649
          0           0           0           1
v_world_imu: -0.000483637  -0.00269139  5.49839e-05
frame_28
id: 1274
stamp: 1777101606.362130880
T_odom_lidar: 
   0.113629    0.993521 -0.00199452     1.89558
  -0.987207    0.113132    0.112355     1.12186
   0.111853  -0.0107978    0.993666 -0.00725842
          0           0           0           1
T_world_lidar: 
   0.113629    0.993521 -0.00199452     1.89558
  -0.987207    0.113132    0.112355     1.12186
   0.111853  -0.0107978    0.993666 -0.00725842
          0           0           0           1
v_world_imu: -0.00246017  0.00850875  0.00119994
frame_29
id: 1275
stamp: 1777101606.462280512
T_odom_lidar: 
   0.113225    0.993567 -0.00228408     1.89529
  -0.987272    0.112766    0.112148     1.12191
   0.111684   -0.010443    0.993689  -0.0072082
          0           0           0           1
T_world_lidar: 
   0.113225    0.993567 -0.00228408     1.89529
  -0.987272    0.112766    0.112148     1.12191
   0.111684   -0.010443    0.993689  -0.0072082
          0           0           0           1
v_world_imu: -6.61589e-05  -0.00183567  0.000574248
frame_30
id: 1276
stamp: 1777101606.565094471
T_odom_lidar: 
   0.112813    0.993613 -0.00259182     1.89528
  -0.987427    0.112401    0.111149     1.12237
    0.11073 -0.00997977      0.9938 -0.00721755
          0           0           0           1
T_world_lidar: 
   0.112813    0.993613 -0.00259182     1.89528
  -0.987427    0.112401    0.111149     1.12237
    0.11073 -0.00997977      0.9938 -0.00721755
          0           0           0           1
v_world_imu:  -0.00732372    0.0197909 -0.000797367
frame_31
id: 1277
stamp: 1777101606.662236929
T_odom_lidar: 
    0.11212    0.993693 -0.00173723     1.89555
  -0.987611    0.111626    0.110294     1.12998
   0.109792  -0.0106504    0.993897 -0.00717014
          0           0           0           1
T_world_lidar: 
    0.11212    0.993693 -0.00173723     1.89555
  -0.987611    0.111626    0.110294     1.12998
   0.109792  -0.0106504    0.993897 -0.00717014
          0           0           0           1
v_world_imu: -0.0124763  0.0924852 0.00253382
frame_32
id: 1278
stamp: 1777101606.762299538
T_odom_lidar: 
   0.109961    0.993935  -0.0012757     1.89229
   -0.98786    0.109431    0.110257     1.14555
   0.109728  -0.0108638    0.993902 -0.00686333
          0           0           0           1
T_world_lidar: 
   0.109961    0.993935  -0.0012757     1.89229
   -0.98786    0.109431    0.110257     1.14555
   0.109728  -0.0108638    0.993902 -0.00686333
          0           0           0           1
v_world_imu:  -0.053477   0.185299 0.00332973
frame_33
id: 1279
stamp: 1777101606.862314939
T_odom_lidar: 
   0.107905     0.99416 -0.00178007     1.88276
  -0.987925    0.107428    0.111644      1.1625
   0.111183  -0.0102883    0.993747 -0.00655232
          0           0           0           1
T_world_lidar: 
   0.107905     0.99416 -0.00178007     1.88276
  -0.987925    0.107428    0.111644      1.1625
   0.111183  -0.0102883    0.993747 -0.00655232
          0           0           0           1
v_world_imu: -0.0982825   0.135827 0.00280546
frame_34
id: 1280
stamp: 1777101606.962322712
T_odom_lidar: 
   0.104626     0.99451 -0.00207136     1.87258
  -0.988393    0.104212    0.110542     1.17468
   0.110151 -0.00951824    0.993869 -0.00664097
          0           0           0           1
T_world_lidar: 
   0.104626     0.99451 -0.00207136     1.87258
  -0.988393    0.104212    0.110542     1.17468
   0.110151 -0.00951824    0.993869 -0.00664097
          0           0           0           1
v_world_imu:  -0.0974834    0.139421 -0.00258633
frame_35
id: 1281
stamp: 1777101607.062237740
T_odom_lidar: 
   0.104622    0.994511   -0.001218     1.86101
  -0.988469    0.104121    0.109948      1.1934
   0.109471  -0.0102991    0.993937 -0.00685566
          0           0           0           1
T_world_lidar: 
   0.104622    0.994511   -0.001218     1.86101
  -0.988469    0.104121    0.109948      1.1934
   0.109471  -0.0102991    0.993937 -0.00685566
          0           0           0           1
v_world_imu:  -0.140207   0.222787 0.00366998
frame_36
id: 1282
stamp: 1777101607.162258625
T_odom_lidar: 
    0.10037    0.994948 -0.00182311     1.84509
  -0.988815   0.0999544    0.110697     1.21391
    0.11032 -0.00930797    0.993853 -0.00665079
          0           0           0           1
T_world_lidar: 
    0.10037    0.994948 -0.00182311     1.84509
  -0.988815   0.0999544    0.110697     1.21391
    0.11032 -0.00930797    0.993853 -0.00665079
          0           0           0           1
v_world_imu:     -0.15192     0.192822 -0.000230548
frame_37
id: 1283
stamp: 1777101607.262294054
T_odom_lidar: 
  0.0990753    0.995079 -0.00152487     1.83171
  -0.988957   0.0986353    0.110612     1.23334
   0.110218 -0.00945084    0.993863 -0.00684834
          0           0           0           1
T_world_lidar: 
  0.0990753    0.995079 -0.00152487     1.83171
  -0.988957   0.0986353    0.110612     1.23334
   0.110218 -0.00945084    0.993863 -0.00684834
          0           0           0           1
v_world_imu:   -0.115296    0.181295 -0.00650732
frame_38
id: 1284
stamp: 1777101607.362247467
T_odom_lidar: 
  0.0981763    0.995169 -0.00052149     1.81887
  -0.989103   0.0976356    0.110197     1.25289
   0.109715  -0.0103029     0.99391 -0.00710301
          0           0           0           1
T_world_lidar: 
  0.0981763    0.995169 -0.00052149     1.81887
  -0.989103   0.0976356    0.110197     1.25289
   0.109715  -0.0103029     0.99391 -0.00710301
          0           0           0           1
v_world_imu:  -0.149794   0.227059 0.00490348
frame_39
id: 1285
stamp: 1777101607.462254047
T_odom_lidar: 
   0.0944501      0.99553 -0.000361787      1.80696
   -0.989272    0.0938972      0.11191      1.27013
    0.111444    -0.010212     0.993718  -0.00666979
           0            0            0            1
T_world_lidar: 
   0.0944501      0.99553 -0.000361787      1.80696
   -0.989272    0.0938972      0.11191      1.27013
    0.111444    -0.010212     0.993718  -0.00666979
           0            0            0            1
v_world_imu: -0.0654936  0.0994312 0.00248994
frame_40
id: 1286
stamp: 1777101607.562280655
T_odom_lidar: 
   0.0948748     0.995489 -0.000377647      1.80485
   -0.989327    0.0943297     0.111062       1.2799
    0.110597   -0.0101634     0.993813  -0.00690317
           0            0            0            1
T_world_lidar: 
   0.0948748     0.995489 -0.000377647      1.80485
   -0.989327    0.0943297     0.111062       1.2799
    0.110597   -0.0101634     0.993813  -0.00690317
           0            0            0            1
v_world_imu:   0.0267458   0.0894747 -0.00459847
frame_41
id: 1287
stamp: 1777101607.662282705
T_odom_lidar: 
   0.0947578       0.9955 -0.000398835      1.80384
   -0.989424    0.0942236      0.11028      1.28472
    0.109821   -0.0100553       0.9939  -0.00699283
           0            0            0            1
T_world_lidar: 
   0.0947578       0.9955 -0.000398835      1.80384
   -0.989424    0.0942236      0.11028      1.28472
    0.109821   -0.0100553       0.9939  -0.00699283
           0            0            0            1
v_world_imu: -0.0138985  0.0382889  0.0015209
frame_42
id: 1288
stamp: 1777101607.762353420
T_odom_lidar: 
   0.0937308     0.995597 -0.000805669      1.80291
   -0.989491    0.0932453     0.110516      1.28468
    0.110104  -0.00956151     0.993874  -0.00708633
           0            0            0            1
T_world_lidar: 
   0.0937308     0.995597 -0.000805669      1.80291
   -0.989491    0.0932453     0.110516      1.28468
    0.110104  -0.00956151     0.993874  -0.00708633
           0            0            0            1
v_world_imu:  0.00962006  -0.0314802 -0.00369213
frame_43
id: 1289
stamp: 1777101607.862274408
T_odom_lidar: 
   0.0952528     0.995453 -0.000547111      1.80469
    -0.98947    0.0947405     0.109423      1.28346
    0.108977  -0.00988148     0.993995  -0.00748808
           0            0            0            1
T_world_lidar: 
   0.0952528     0.995453 -0.000547111      1.80469
    -0.98947    0.0947405     0.109423      1.28346
    0.108977  -0.00988148     0.993995  -0.00748808
           0            0            0            1
v_world_imu:   0.0170892  0.00605485 -0.00297387
frame_44
id: 1290
stamp: 1777101607.962429285
T_odom_lidar: 
   0.0939898     0.995573 -0.000622974      1.80381
   -0.989514    0.0934867     0.110099      1.28436
     0.10967  -0.00973175      0.99392  -0.00741645
           0            0            0            1
T_world_lidar: 
   0.0939898     0.995573 -0.000622974      1.80381
   -0.989514    0.0934867     0.110099      1.28436
     0.10967  -0.00973175      0.99392  -0.00741645
           0            0            0            1
v_world_imu: -0.0244328 0.00501106 0.00287318
frame_45
id: 1291
stamp: 1777101608.062267542
T_odom_lidar: 
   0.0941804     0.995555 -0.000671582      1.80392
     -0.9895    0.0936819      0.11006      1.28442
    0.109634  -0.00970096     0.993925  -0.00747717
           0            0            0            1
T_world_lidar: 
   0.0941804     0.995555 -0.000671582      1.80392
     -0.9895    0.0936819      0.11006      1.28442
    0.109634  -0.00970096     0.993925  -0.00747717
           0            0            0            1
v_world_imu:   0.0208282 -0.00246463 -0.00326112
frame_46
id: 1292
stamp: 1777101608.162330389
T_odom_lidar: 
   0.0948132     0.995495 -0.000470387      1.80506
   -0.989516    0.0942954     0.109387      1.28423
    0.108939  -0.00990588     0.993999  -0.00761049
           0            0            0            1
T_world_lidar: 
   0.0948132     0.995495 -0.000470387      1.80506
   -0.989516    0.0942954     0.109387      1.28423
    0.108939  -0.00990588     0.993999  -0.00761049
           0            0            0            1
v_world_imu: -0.00564274  0.00158062 0.000823241
frame_47
id: 1293
stamp: 1777101608.262450457
T_odom_lidar: 
   0.0936121     0.995609 -0.000626304        1.804
   -0.989564    0.0931129     0.109968      1.28487
    0.109543  -0.00967456     0.993935  -0.00738917
           0            0            0            1
T_world_lidar: 
   0.0936121     0.995609 -0.000626304        1.804
   -0.989564    0.0931129     0.109968      1.28487
    0.109543  -0.00967456     0.993935  -0.00738917
           0            0            0            1
v_world_imu: -0.00844352  0.00688191  0.00244515
frame_48
id: 1294
stamp: 1777101608.362417221
T_odom_lidar: 
   0.0947523       0.9955 -0.000962558      1.80494
   -0.989644    0.0942995     0.108223      1.28721
    0.107826  -0.00930175     0.994126  -0.00749826
           0            0            0            1
T_world_lidar: 
   0.0947523       0.9955 -0.000962558      1.80494
   -0.989644    0.0942995     0.108223      1.28721
    0.107826  -0.00930175     0.994126  -0.00749826
           0            0            0            1
v_world_imu:   0.0178592   0.0755706 0.000265634
frame_49
id: 1295
stamp: 1777101608.462342501
T_odom_lidar: 
   0.0946661     0.995509 -0.000496355       1.8043
   -0.989671    0.0941649     0.108096      1.29836
    0.107657  -0.00974181      0.99414  -0.00703716
           0            0            0            1
T_world_lidar: 
   0.0946661     0.995509 -0.000496355       1.8043
   -0.989671    0.0941649     0.108096      1.29836
    0.107657  -0.00974181      0.99414  -0.00703716
           0            0            0            1
v_world_imu: -0.0362216   0.143776  0.0093252
frame_50
id: 1296
stamp: 1777101608.562472820
T_odom_lidar: 
   0.0916088     0.995795 -0.000582094      1.80138
    -0.98984    0.0911248      0.10915      1.31328
    0.108744  -0.00942294     0.994025  -0.00609575
           0            0            0            1
T_world_lidar: 
   0.0916088     0.995795 -0.000582094      1.80138
    -0.98984    0.0911248      0.10915      1.31328
    0.108744  -0.00942294     0.994025  -0.00609575
           0            0            0            1
v_world_imu:  -0.017393   0.131763 0.00898706
frame_51
id: 1297
stamp: 1777101608.662364960
T_odom_lidar: 
   0.0934226     0.995626 -0.000697132      1.80216
   -0.989858    0.0929566     0.107429      1.32384
    0.107024   -0.0093462     0.994213  -0.00593111
           0            0            0            1
T_world_lidar: 
   0.0934226     0.995626 -0.000697132      1.80216
   -0.989858    0.0929566     0.107429      1.32384
    0.107024   -0.0093462     0.994213  -0.00593111
           0            0            0            1
v_world_imu:  0.0206882   0.110687 0.00262019
frame_52
id: 1298
stamp: 1777101608.762322903
T_odom_lidar: 
   0.0936259     0.995607 -0.000556103        1.802
   -0.990036     0.093161     0.105592      1.33685
     0.10518  -0.00933559     0.994409  -0.00562099
           0            0            0            1
T_world_lidar: 
   0.0936259     0.995607 -0.000556103        1.802
   -0.990036     0.093161     0.105592      1.33685
     0.10518  -0.00933559     0.994409  -0.00562099
           0            0            0            1
v_world_imu:  -0.018077   0.177415 0.00600837
frame_53
id: 1299
stamp: 1777101608.862510920
T_odom_lidar: 
  0.0908355    0.995866 0.000189142     1.79929
  -0.990139   0.0902928     0.10711     1.35498
    0.10665 -0.00991663    0.994247 -0.00474873
          0           0           0           1
T_world_lidar: 
  0.0908355    0.995866 0.000189142     1.79929
  -0.990139   0.0902928     0.10711     1.35498
    0.10665 -0.00991663    0.994247 -0.00474873
          0           0           0           1
v_world_imu: -0.0199042   0.149997 0.00855114
frame_54
id: 1300
stamp: 1777101608.962324381
T_odom_lidar: 
   0.0909169     0.995858 -0.000834692      1.79886
   -0.990283    0.0904965      0.10559      1.36586
    0.105229  -0.00877336     0.994409  -0.00449645
           0            0            0            1
T_world_lidar: 
   0.0909169     0.995858 -0.000834692      1.79886
   -0.990283    0.0904965      0.10559      1.36586
    0.105229  -0.00877336     0.994409  -0.00449645
           0            0            0            1
v_world_imu:  0.0150032   0.105218 0.00193921
frame_55
id: 1301
stamp: 1777101609.062532902
T_odom_lidar: 
   0.0901483     0.995928 -0.000726273      1.79943
   -0.990546    0.0897368     0.103763      1.37947
    0.103405  -0.00863463     0.994602  -0.00433334
           0            0            0            1
T_world_lidar: 
   0.0901483     0.995928 -0.000726273      1.79943
   -0.990546    0.0897368     0.103763      1.37947
    0.103405  -0.00863463     0.994602  -0.00433334
           0            0            0            1
v_world_imu: -0.00961415    0.188092   0.0043997
frame_56
id: 1302
stamp: 1777101609.162375450
T_odom_lidar: 
    0.089308     0.996004 -0.000395412      1.79698
   -0.990511    0.0888571     0.104844      1.40132
     0.10446  -0.00897172     0.994489  -0.00348647
           0            0            0            1
T_world_lidar: 
    0.089308     0.996004 -0.000395412      1.79698
   -0.990511    0.0888571     0.104844      1.40132
     0.10446  -0.00897172     0.994489  -0.00348647
           0            0            0            1
v_world_imu: -0.0387235   0.222928  0.0116617
frame_57
id: 1303
stamp: 1777101609.262523413
T_odom_lidar: 
   0.0878694     0.996132 -0.000194895      1.79549
   -0.990587    0.0874009     0.105351       1.4226
     0.10496  -0.00906403     0.994435  -0.00274907
           0            0            0            1
T_world_lidar: 
   0.0878694     0.996132 -0.000194895      1.79549
   -0.990587    0.0874009     0.105351       1.4226
     0.10496  -0.00906403     0.994435  -0.00274907
           0            0            0            1
v_world_imu:  0.0215795   0.204721 0.00358449
frame_58
id: 1304
stamp: 1777101609.362412691
T_odom_lidar: 
  0.0913558    0.995818  0.00028406      1.7969
  -0.990445   0.0908333    0.103766     1.44006
   0.103307 -0.00976101    0.994602 -0.00242814
          0           0           0           1
T_world_lidar: 
  0.0913558    0.995818  0.00028406      1.7969
  -0.990445   0.0908333    0.103766     1.44006
   0.103307 -0.00976101    0.994602 -0.00242814
          0           0           0           1
v_world_imu: 0.00180586   0.178275 0.00912001
frame_59
id: 1305
stamp: 1777101609.462363958
T_odom_lidar: 
  0.0872021    0.996189 -0.00177504     1.79353
  -0.990826    0.086917    0.103489     1.45979
   0.103249 -0.00726568    0.994629 -0.00155595
          0           0           0           1
T_world_lidar: 
  0.0872021    0.996189 -0.00177504     1.79353
  -0.990826    0.086917    0.103489     1.45979
   0.103249 -0.00726568    0.994629 -0.00155595
          0           0           0           1
v_world_imu: -0.0412201   0.224551 0.00898041
frame_60
id: 1306
stamp: 1777101609.562450886
T_odom_lidar: 
    0.087529     0.996162 -0.000790944       1.7921
   -0.990669    0.0871296     0.104801      1.48309
    0.104468  -0.00838956     0.994493  -0.00124471
           0            0            0            1
T_world_lidar: 
    0.087529     0.996162 -0.000790944       1.7921
   -0.990669    0.0871296     0.104801      1.48309
    0.104468  -0.00838956     0.994493  -0.00124471
           0            0            0            1
v_world_imu:   0.0247968    0.194906 -0.00267867
frame_61
id: 1307
stamp: 1777101609.662467718
T_odom_lidar: 
  0.0908767    0.995862 0.000160207     1.79431
  -0.990554   0.0903757    0.103126     1.49932
   0.102685 -0.00953046    0.994668 -0.00173843
          0           0           0           1
T_world_lidar: 
  0.0908767    0.995862 0.000160207     1.79431
  -0.990554   0.0903757    0.103126     1.49932
   0.102685 -0.00953046    0.994668 -0.00173843
          0           0           0           1
v_world_imu:  0.00423258    0.155065 -0.00103551
frame_62
id: 1308
stamp: 1777101609.762510538
T_odom_lidar: 
   0.0864589     0.996255 -0.000987196      1.79144
   -0.991025    0.0861064     0.102249      1.51658
    0.101951  -0.00786201     0.994758  -0.00180654
           0            0            0            1
T_world_lidar: 
   0.0864589     0.996255 -0.000987196      1.79144
   -0.991025    0.0861064     0.102249      1.51658
    0.101951  -0.00786201     0.994758  -0.00180654
           0            0            0            1
v_world_imu:  -0.0285056    0.213548 0.000386147
frame_63
id: 1309
stamp: 1777101609.862531424
T_odom_lidar: 
  0.0866277     0.99624 0.000748006     1.79068
  -0.990911   0.0860866    0.103366     1.53981
   0.102913 -0.00969556    0.994643 -0.00201453
          0           0           0           1
T_world_lidar: 
  0.0866277     0.99624 0.000748006     1.79068
  -0.990911   0.0860866    0.103366     1.53981
   0.102913 -0.00969556    0.994643 -0.00201453
          0           0           0           1
v_world_imu:   0.0115287    0.207069 -0.00443658
frame_64
id: 1310
stamp: 1777101609.962424517
T_odom_lidar: 
 0.0894142   0.995992  0.0022489    1.79209
 -0.990756  0.0887125   0.102628    1.55954
  0.102017 -0.0114045   0.994717 -0.0026814
         0          0          0          1
T_world_lidar: 
 0.0894142   0.995992  0.0022489    1.79209
 -0.990756  0.0887125   0.102628    1.55954
  0.102017 -0.0114045   0.994717 -0.0026814
         0          0          0          1
v_world_imu: -4.38827e-05     0.188517  -0.00454108
frame_65
id: 1311
stamp: 1777101610.062547684
T_odom_lidar: 
  0.0867803    0.996227  0.00110289     1.78868
  -0.991002   0.0862117    0.102389     1.57852
   0.101907 -0.00997828    0.994744 -0.00541338
          0           0           0           1
T_world_lidar: 
  0.0867803    0.996227  0.00110289     1.78868
  -0.991002   0.0862117    0.102389     1.57852
   0.101907 -0.00997828    0.994744 -0.00541338
          0           0           0           1
v_world_imu:  -0.0313978    0.217636 0.000216198
frame_66
id: 1312
stamp: 1777101610.164480925
T_odom_lidar: 
  0.0877281    0.996144  0.00135986     1.78733
  -0.990856   0.0871217    0.103028     1.60342
   0.102513  -0.0103859    0.994677 -0.00560256
          0           0           0           1
T_world_lidar: 
  0.0877281    0.996144  0.00135986     1.78733
  -0.990856   0.0871217    0.103028     1.60342
   0.102513  -0.0103859    0.994677 -0.00560256
          0           0           0           1
v_world_imu: -0.00103811    0.254433 -0.00404648
frame_67
id: 1313
stamp: 1777101610.262622118
T_odom_lidar: 
  0.0885202    0.996073   0.0017435     1.78692
  -0.990762   0.0878674      0.1033     1.62699
   0.102741  -0.0108715    0.994649 -0.00586081
          0           0           0           1
T_world_lidar: 
  0.0885202    0.996073   0.0017435     1.78692
  -0.990762   0.0878674      0.1033     1.62699
   0.102741  -0.0108715    0.994649 -0.00586081
          0           0           0           1
v_world_imu:  -0.0129228    0.219091 -0.00206053
frame_68
id: 1314
stamp: 1777101610.362555981
T_odom_lidar: 
  0.0872357    0.996188 0.000597662     1.78459
  -0.990859   0.0867072    0.103341     1.65005
   0.102895 -0.00960726    0.994646 -0.00597744
          0           0           0           1
T_world_lidar: 
  0.0872357    0.996188 0.000597662     1.78459
  -0.990859   0.0867072    0.103341     1.65005
   0.102895 -0.00960726    0.994646 -0.00597744
          0           0           0           1
v_world_imu:   -0.0196551     0.246357 -0.000219913
frame_69
id: 1315
stamp: 1777101610.462488174
T_odom_lidar: 
  0.0882217    0.996101 0.000754771     1.78335
  -0.990727   0.0876672    0.103797     1.67619
   0.103326 -0.00990489    0.994598  -0.0060677
          0           0           0           1
T_world_lidar: 
  0.0882217    0.996101 0.000754771     1.78335
  -0.990727   0.0876672    0.103797     1.67619
   0.103326 -0.00990489    0.994598  -0.0060677
          0           0           0           1
v_world_imu:  -0.0135411    0.269191 -0.00213249
frame_70
id: 1316
stamp: 1777101610.562564611
T_odom_lidar: 
  0.0883797    0.996087 0.000576886     1.78197
  -0.990698   0.0878414    0.103929     1.70169
   0.103471  -0.0097567    0.994585 -0.00619212
          0           0           0           1
T_world_lidar: 
  0.0883797    0.996087 0.000576886     1.78197
  -0.990698   0.0878414    0.103929     1.70169
   0.103471  -0.0097567    0.994585 -0.00619212
          0           0           0           1
v_world_imu:  -0.0202358    0.247916 -0.00240196
frame_71
id: 1317
stamp: 1777101610.662561178
T_odom_lidar: 
  0.0885869    0.996068 0.000101774     1.78027
  -0.990682   0.0880973    0.103861     1.72616
   0.103444 -0.00930156    0.994592 -0.00636244
          0           0           0           1
T_world_lidar: 
  0.0885869    0.996068 0.000101774     1.78027
  -0.990682   0.0880973    0.103861     1.72616
   0.103444 -0.00930156    0.994592 -0.00636244
          0           0           0           1
v_world_imu:   -0.0102095     0.252381 -0.000977188
frame_72
id: 1318
stamp: 1777101610.762494802
T_odom_lidar: 
   0.090529    0.995894 0.000351646     1.77942
  -0.990428   0.0899952    0.104654     1.75092
   0.104193 -0.00982252    0.994509 -0.00661155
          0           0           0           1
T_world_lidar: 
   0.090529    0.995894 0.000351646     1.77942
  -0.990428   0.0899952    0.104654     1.75092
   0.104193 -0.00982252    0.994509 -0.00661155
          0           0           0           1
v_world_imu:  -0.0089541    0.233869 0.000148811
frame_73
id: 1319
stamp: 1777101610.862642527
T_odom_lidar: 
  0.0931889    0.995647   0.0014465     1.77859
  -0.990085   0.0925147    0.105702     1.77556
   0.105108  -0.0112824    0.994397 -0.00674506
          0           0           0           1
T_world_lidar: 
  0.0931889    0.995647   0.0014465     1.77859
  -0.990085   0.0925147    0.105702     1.77556
   0.105108  -0.0112824    0.994397 -0.00674506
          0           0           0           1
v_world_imu: -0.0248731   0.230431 -0.0029954
frame_74
id: 1320
stamp: 1777101610.962499142
T_odom_lidar: 
  0.0928077    0.995683  0.00111298     1.77668
  -0.990087   0.0921675    0.105988     1.79806
   0.105428  -0.0109385    0.994367 -0.00682701
          0           0           0           1
T_world_lidar: 
  0.0928077    0.995683  0.00111298     1.77668
  -0.990087   0.0921675    0.105988     1.79806
   0.105428  -0.0109385    0.994367 -0.00682701
          0           0           0           1
v_world_imu:  -0.0144856    0.238094 0.000437873
frame_75
id: 1321
stamp: 1777101611.062485695
T_odom_lidar: 
  0.0924858    0.995714 8.45195e-05     1.77446
  -0.990126   0.0919578    0.105803     1.81919
   0.105342 -0.00986896    0.994387 -0.00686166
