id: 0
T_world_origin: 
  0.993263 -0.0405634  -0.108546  0.0508465
 0.0423255   0.999006  0.0139785 -0.0203738
  0.107872 -0.0184786   0.993993 0.00300981
         0          0          0          1
T_origin_endpoint_L: 
   0.999427   0.0338584 3.51333e-05  -0.0500249
 -0.0338575    0.999391  0.00848054   0.0242778
0.000252026 -0.00847686    0.999964 0.000914533
          0           0           0           1
T_origin_endpoint_R: 
  0.396379  -0.916778  0.0490093 -0.0824678
  0.914282   0.389319  -0.111893 -0.0864059
 0.0835011  0.0891605   0.992511 0.00809395
         0          0          0          1
T_lidar_imu: 
     1      0      0  0.006
     0      1      0 -0.012
     0      0      1  0.008
     0      0      0      1
imu_bias: -0.000211397 -0.000215751  -0.00274116  9.56243e-05  -0.00029519   0.00101962
frame_id: 2
num_frames: 282
frame_0
id: 0
stamp: 1777101478.562171459
T_odom_lidar: 
    0.99404 -0.00598819   -0.108852 -0.00509075
 0.00848091    0.999712   0.0224516   0.0135413
   0.108686  -0.0232409    0.993804  -0.0108075
          0           0           0           1
T_world_lidar: 
    0.99404 -0.00598819   -0.108852 -0.00509075
 0.00848091    0.999712   0.0224516   0.0135413
   0.108686  -0.0232409    0.993804  -0.0108075
          0           0           0           1
v_world_imu:  0.00280263 -0.00699475   0.0310635
frame_1
id: 1
stamp: 1777101478.662201881
T_odom_lidar: 
   0.994056 -0.00602796   -0.108703 -0.00486813
  0.0085193    0.999711    0.022469   0.0129051
   0.108536  -0.0232615     0.99382  -0.0079368
          0           0           0           1
T_world_lidar: 
   0.994056 -0.00602796   -0.108703 -0.00486813
  0.0085193    0.999711    0.022469   0.0129051
   0.108536  -0.0232615     0.99382  -0.0079368
          0           0           0           1
v_world_imu:  0.00183595 -0.00571818   0.0252796
frame_2
id: 2
stamp: 1777101478.762110472
T_odom_lidar: 
   0.994064 -0.00613095   -0.108622 -0.00473549
 0.00861631    0.999711   0.0224262   0.0123859
   0.108454   -0.023229     0.99383 -0.00571239
          0           0           0           1
T_world_lidar: 
   0.994064 -0.00613095   -0.108622 -0.00473549
 0.00861631    0.999711   0.0224262   0.0123859
   0.108454   -0.023229     0.99383 -0.00571239
          0           0           0           1
v_world_imu:  0.00117701 -0.00453273   0.0192694
frame_3
id: 3
stamp: 1777101478.862299681
T_odom_lidar: 
   0.994081 -0.00616368   -0.108469 -0.00470164
 0.00863029    0.999714   0.0222854   0.0120931
   0.108301  -0.0230896     0.99385  -0.0038751
          0           0           0           1
T_world_lidar: 
   0.994081 -0.00616368   -0.108469 -0.00470164
 0.00863029    0.999714   0.0222854   0.0120931
   0.108301  -0.0230896     0.99385  -0.0038751
          0           0           0           1
v_world_imu: 0.000645167 -0.00304912   0.0141719
frame_4
id: 4
stamp: 1777101478.962199688
T_odom_lidar: 
   0.994085 -0.00618194    -0.10843 -0.00468099
 0.00862622    0.999719   0.0220879   0.0118942
   0.108263  -0.0228926    0.993859  -0.0024619
          0           0           0           1
T_world_lidar: 
   0.994085 -0.00618194    -0.10843 -0.00468099
 0.00862622    0.999719   0.0220879   0.0118942
   0.108263  -0.0228926    0.993859  -0.0024619
          0           0           0           1
v_world_imu: 0.000210776 -0.00220068   0.0107139
frame_5
id: 5
stamp: 1777101479.062218428
T_odom_lidar: 
   0.994088 -0.00626309   -0.108399 -0.00466897
 0.00869711     0.99972   0.0219962   0.0116985
   0.108231  -0.0228089    0.993864 -0.00158115
          0           0           0           1
T_world_lidar: 
   0.994088 -0.00626309   -0.108399 -0.00466897
 0.00869711     0.99972   0.0219962   0.0116985
   0.108231  -0.0228089    0.993864 -0.00158115
          0           0           0           1
v_world_imu: 0.000258633 -0.00136755  0.00613848
frame_6
id: 6
stamp: 1777101479.162055016
T_odom_lidar: 
   0.994099 -0.00624913   -0.108301 -0.00482829
 0.00867401    0.999722   0.0219337   0.0116086
   0.108134  -0.0227436    0.993876 -0.00101861
          0           0           0           1
T_world_lidar: 
   0.994099 -0.00624913   -0.108301 -0.00482829
 0.00867401    0.999722   0.0219337   0.0116086
   0.108134  -0.0227436    0.993876 -0.00101861
          0           0           0           1
v_world_imu: -0.000136874  -0.00100642   0.00425975
frame_7
id: 7
stamp: 1777101479.261998177
T_odom_lidar: 
    0.994107  -0.00626735    -0.108219  -0.00490797
  0.00868195     0.999723    0.0218554    0.0115766
    0.108052   -0.0226661     0.993887 -0.000789403
           0            0            0            1
T_world_lidar: 
    0.994107  -0.00626735    -0.108219  -0.00490797
  0.00868195     0.999723    0.0218554    0.0115766
    0.108052   -0.0226661     0.993887 -0.000789403
           0            0            0            1
v_world_imu: -0.000313927 -0.000672828   0.00184862
frame_8
id: 8
stamp: 1777101479.362107038
T_odom_lidar: 
   0.994109 -0.00631111   -0.108198 -0.00499009
 0.00872291    0.999724   0.0218318   0.0115402
    0.10803   -0.022647     0.99389 -0.00078153
          0           0           0           1
T_world_lidar: 
   0.994109 -0.00631111   -0.108198 -0.00499009
 0.00872291    0.999724   0.0218318   0.0115402
    0.10803   -0.022647     0.99389 -0.00078153
          0           0           0           1
v_world_imu: -0.000232047 -0.000365831 -9.29491e-05
frame_9
id: 9
stamp: 1777101479.462419033
T_odom_lidar: 
    0.994123  -0.00628588    -0.108075  -0.00508386
  0.00868435     0.999726    0.0217362    0.0115339
    0.107909    -0.022547     0.993905 -0.000959839
           0            0            0            1
T_world_lidar: 
    0.994123  -0.00628588    -0.108075  -0.00508386
  0.00868435     0.999726    0.0217362    0.0115339
    0.107909    -0.022547     0.993905 -0.000959839
           0            0            0            1
v_world_imu: -0.000619218  -0.00023244 -0.000789653
frame_10
id: 10
stamp: 1777101479.562164783
T_odom_lidar: 
   0.994129  -0.0061881   -0.108028 -0.00513952
 0.00858285    0.999727    0.021717   0.0115029
   0.107864  -0.0225167    0.993911 -0.00123527
          0           0           0           1
T_world_lidar: 
   0.994129  -0.0061881   -0.108028 -0.00513952
 0.00858285    0.999727    0.021717   0.0115029
   0.107864  -0.0225167    0.993911 -0.00123527
          0           0           0           1
v_world_imu: -0.000190189  1.97791e-05 -0.000991183
frame_11
id: 11
stamp: 1777101479.662168503
T_odom_lidar: 
    0.99414 -0.00624493   -0.107917  -0.0051348
 0.00862864    0.999729   0.0216355   0.0116251
   0.107753  -0.0224399    0.993924 -0.00153892
          0           0           0           1
T_world_lidar: 
    0.99414 -0.00624493   -0.107917  -0.0051348
 0.00862864    0.999729   0.0216355   0.0116251
   0.107753  -0.0224399    0.993924 -0.00153892
          0           0           0           1
v_world_imu: 5.69604e-06 0.000346238 -0.00126475
frame_12
id: 12
stamp: 1777101479.762040854
T_odom_lidar: 
   0.994145 -0.00620153   -0.107874 -0.00513163
 0.00856822    0.999732   0.0214897   0.0117912
   0.107712  -0.0222882    0.993932 -0.00213238
          0           0           0           1
T_world_lidar: 
   0.994145 -0.00620153   -0.107874 -0.00513163
 0.00856822    0.999732   0.0214897   0.0117912
   0.107712  -0.0222882    0.993932 -0.00213238
          0           0           0           1
v_world_imu: -0.000187143 -0.000390464  -0.00112307
frame_13
id: 13
stamp: 1777101479.863014460
T_odom_lidar: 
   0.994144 -0.00614679   -0.107891 -0.00512966
 0.00851056    0.999733   0.0214621   0.0117487
    0.10773  -0.0222546    0.993931 -0.00230493
          0           0           0           1
T_world_lidar: 
   0.994144 -0.00614679   -0.107891 -0.00512966
 0.00851056    0.999733   0.0214621   0.0117487
    0.10773  -0.0222546    0.993931 -0.00230493
          0           0           0           1
v_world_imu: -0.000147609  9.11238e-05  -0.00166187
frame_14
id: 14
stamp: 1777101479.962213755
T_odom_lidar: 
   0.994142 -0.00617825   -0.107904  -0.0051417
 0.00854496    0.999733   0.0214849   0.0116494
   0.107743   -0.022281    0.993929 -0.00257286
          0           0           0           1
T_world_lidar: 
   0.994142 -0.00617825   -0.107904  -0.0051417
 0.00854496    0.999733   0.0214849   0.0116494
   0.107743   -0.022281    0.993929 -0.00257286
          0           0           0           1
v_world_imu: -0.000363544 -0.000584179 -8.50498e-05
frame_15
id: 15
stamp: 1777101480.062129498
T_odom_lidar: 
   0.994146 -0.00622123   -0.107869 -0.00520825
 0.00857478    0.999735   0.0213685   0.0116868
   0.107708  -0.0221683    0.993935 -0.00278523
          0           0           0           1
T_world_lidar: 
   0.994146 -0.00622123   -0.107869 -0.00520825
 0.00857478    0.999735   0.0213685   0.0116868
   0.107708  -0.0221683    0.993935 -0.00278523
          0           0           0           1
v_world_imu: -0.000336493 -0.000821043  0.000182389
frame_16
id: 16
stamp: 1777101480.162101507
T_odom_lidar: 
   0.994141 -0.00622542   -0.107912 -0.00517872
 0.00859097    0.999733     0.02147   0.0115165
    0.10775  -0.0222713    0.993929 -0.00299508
          0           0           0           1
T_world_lidar: 
   0.994141 -0.00622542   -0.107912 -0.00517872
 0.00859097    0.999733     0.02147   0.0115165
    0.10775  -0.0222713    0.993929 -0.00299508
          0           0           0           1
v_world_imu: 0.000403937 -0.00104676 0.000157719
frame_17
id: 17
stamp: 1777101480.262228251
T_odom_lidar: 
   0.994135 -0.00623449   -0.107964 -0.00522242
 0.00860259    0.999732   0.0214823   0.0115573
   0.107801  -0.0222851    0.993923 -0.00320254
          0           0           0           1
T_world_lidar: 
   0.994135 -0.00623449   -0.107964 -0.00522242
 0.00860259    0.999732   0.0214823   0.0115573
   0.107801  -0.0222851    0.993923 -0.00320254
          0           0           0           1
v_world_imu: 0.000650674 -0.00100377 0.000106897
frame_18
id: 18
stamp: 1777101480.362188816
T_odom_lidar: 
   0.994129 -0.00622704   -0.108025 -0.00519124
 0.00861126    0.999729   0.0216186    0.011476
   0.107861  -0.0224219    0.993913 -0.00344921
          0           0           0           1
T_world_lidar: 
   0.994129 -0.00622704   -0.108025 -0.00519124
 0.00861126    0.999729   0.0216186    0.011476
   0.107861  -0.0224219    0.993913 -0.00344921
          0           0           0           1
v_world_imu:   0.00073767  -0.00120057 -8.66845e-05
frame_19
id: 19
stamp: 1777101480.462181807
T_odom_lidar: 
  0.994122 -0.0061715  -0.108091  -0.005199
0.00855141   0.999731   0.021568  0.0116062
  0.107929 -0.0223656   0.993907 -0.0039111
         0          0          0          1
T_world_lidar: 
  0.994122 -0.0061715  -0.108091  -0.005199
0.00855141   0.999731   0.021568  0.0116062
  0.107929 -0.0223656   0.993907 -0.0039111
         0          0          0          1
v_world_imu:  0.000696456 -0.000805743   0.00030874
frame_20
id: 20
stamp: 1777101480.562260389
T_odom_lidar: 
   0.994121 -0.00623043   -0.108095 -0.00513057
 0.00861425     0.99973   0.0216002   0.0115305
   0.107931  -0.0224044    0.993906 -0.00391693
          0           0           0           1
T_world_lidar: 
   0.994121 -0.00623043   -0.108095 -0.00513057
 0.00861425     0.99973   0.0216002   0.0115305
   0.107931  -0.0224044    0.993906 -0.00391693
          0           0           0           1
v_world_imu:  0.000867739 -0.000980682 -3.82971e-05
frame_21
id: 21
stamp: 1777101480.662159920
T_odom_lidar: 
   0.994119 -0.00612279   -0.108116  -0.0050951
 0.00850517    0.999731    0.021588   0.0115702
   0.107955  -0.0223806    0.993904 -0.00430552
          0           0           0           1
T_world_lidar: 
   0.994119 -0.00612279   -0.108116  -0.0050951
 0.00850517    0.999731    0.021588   0.0115702
   0.107955  -0.0223806    0.993904 -0.00430552
          0           0           0           1
v_world_imu:  0.000796231 -0.000755126  0.000371445
frame_22
id: 22
stamp: 1777101480.762263775
T_odom_lidar: 
   0.994118 -0.00622388   -0.108123 -0.00504005
 0.00861022    0.999729   0.0216177   0.0115542
    0.10796  -0.0224215    0.993902 -0.00427977
          0           0           0           1
T_world_lidar: 
   0.994118 -0.00622388   -0.108123 -0.00504005
 0.00861022    0.999729   0.0216177   0.0115542
    0.10796  -0.0224215    0.993902 -0.00427977
          0           0           0           1
v_world_imu:  0.000800646  9.76141e-05 -0.000210211
frame_23
id: 23
stamp: 1777101480.862343550
T_odom_lidar: 
   0.994125 -0.00617246   -0.108061  -0.0050592
  0.0085638    0.999728   0.0216796   0.0115359
   0.107897  -0.0224776    0.993908 -0.00461949
          0           0           0           1
T_world_lidar: 
   0.994125 -0.00617246   -0.108061  -0.0050592
  0.0085638    0.999728   0.0216796   0.0115359
   0.107897  -0.0224776    0.993908 -0.00461949
          0           0           0           1
v_world_imu:  0.000534441 -0.000339429  0.000483245
frame_24
id: 24
stamp: 1777101480.962303400
T_odom_lidar: 
   0.994122 -0.00619436    -0.10809 -0.00502286
 0.00858665    0.999728   0.0216809   0.0114825
   0.107927  -0.0224816    0.993905 -0.00454899
          0           0           0           1
T_world_lidar: 
   0.994122 -0.00619436    -0.10809 -0.00502286
 0.00858665    0.999728   0.0216809   0.0114825
   0.107927  -0.0224816    0.993905 -0.00454899
          0           0           0           1
v_world_imu: 0.000443801 0.000155506 0.000120926
frame_25
id: 25
stamp: 1777101481.062262535
T_odom_lidar: 
    0.99412 -0.00617706   -0.108106 -0.00501822
 0.00856886    0.999728   0.0216739   0.0115073
   0.107943  -0.0224728    0.993903   -0.004668
          0           0           0           1
T_world_lidar: 
    0.99412 -0.00617706   -0.108106 -0.00501822
 0.00856886    0.999728   0.0216739   0.0115073
   0.107943  -0.0224728    0.993903   -0.004668
          0           0           0           1
v_world_imu:  0.00065071 -1.8761e-05 9.88057e-05
frame_26
id: 26
stamp: 1777101481.162355423
T_odom_lidar: 
    0.99412 -0.00618772   -0.108104 -0.00503032
  0.0085743    0.999729    0.021626   0.0115145
    0.10794  -0.0224257    0.993904 -0.00473944
          0           0           0           1
T_world_lidar: 
    0.99412 -0.00618772   -0.108104 -0.00503032
  0.0085743    0.999729    0.021626   0.0115145
    0.10794  -0.0224257    0.993904 -0.00473944
          0           0           0           1
v_world_imu: 0.000415436 0.000666131 0.000212912
frame_27
id: 27
stamp: 1777101481.262269974
T_odom_lidar: 
   0.994119 -0.00622001   -0.108114 -0.00506874
 0.00860391     0.99973   0.0215973   0.0115882
   0.107951  -0.0224005    0.993904 -0.00483863
          0           0           0           1
T_world_lidar: 
   0.994119 -0.00622001   -0.108114 -0.00506874
 0.00860391     0.99973   0.0215973   0.0115882
   0.107951  -0.0224005    0.993904 -0.00483863
          0           0           0           1
v_world_imu:  0.00067092 4.87888e-05 0.000312508
frame_28
id: 28
stamp: 1777101481.362408876
T_odom_lidar: 
   0.994109 -0.00620219   -0.108203 -0.00503275
 0.00858527     0.99973   0.0215723   0.0115361
    0.10804  -0.0223741    0.993895 -0.00491751
          0           0           0           1
T_world_lidar: 
   0.994109 -0.00620219   -0.108203 -0.00503275
 0.00858527     0.99973   0.0215723   0.0115361
    0.10804  -0.0223741    0.993895 -0.00491751
          0           0           0           1
v_world_imu:  0.000256684 -0.000238002  0.000518586
frame_29
id: 29
stamp: 1777101481.462440729
T_odom_lidar: 
   0.994114 -0.00620157   -0.108165 -0.00502807
 0.00857818    0.999732   0.0215205   0.0116749
   0.108003  -0.0223217      0.9939 -0.00504858
          0           0           0           1
T_world_lidar: 
   0.994114 -0.00620157   -0.108165 -0.00502807
 0.00857818    0.999732   0.0215205   0.0116749
   0.108003  -0.0223217      0.9939 -0.00504858
          0           0           0           1
v_world_imu:  0.000336596  3.80165e-06 -5.68885e-05
frame_30
id: 30
stamp: 1777101481.562314510
T_odom_lidar: 
   0.994109 -0.00608483    -0.10821 -0.00501143
   0.008468    0.999731   0.0215777   0.0116413
    0.10805  -0.0223669    0.993894 -0.00532807
          0           0           0           1
T_world_lidar: 
   0.994109 -0.00608483    -0.10821 -0.00501143
   0.008468    0.999731   0.0215777   0.0116413
    0.10805  -0.0223669    0.993894 -0.00532807
          0           0           0           1
v_world_imu: -0.000181254 -0.000143152   0.00253419
frame_31
id: 31
stamp: 1777101481.662483454
T_odom_lidar: 
   0.994116  -0.0061695   -0.108141 -0.00503625
 0.00855321     0.99973   0.0215926   0.0116098
   0.107979  -0.0223905    0.993901  -0.0050689
          0           0           0           1
T_world_lidar: 
   0.994116  -0.0061695   -0.108141 -0.00503625
 0.00855321     0.99973   0.0215926   0.0116098
   0.107979  -0.0223905    0.993901  -0.0050689
          0           0           0           1
v_world_imu:  0.000301345 -0.000167723   0.00202861
frame_32
id: 32
stamp: 1777101481.762386084
T_odom_lidar: 
   0.994115 -0.00611921   -0.108155 -0.00497609
 0.00850703     0.99973   0.0216302   0.0116288
   0.107994  -0.0224229    0.993899 -0.00524134
          0           0           0           1
T_world_lidar: 
   0.994115 -0.00611921   -0.108155 -0.00497609
 0.00850703     0.99973   0.0216302   0.0116288
   0.107994  -0.0224229    0.993899 -0.00524134
          0           0           0           1
v_world_imu: 0.000162408  -5.608e-05   0.0028283
frame_33
id: 33
stamp: 1777101481.862396479
T_odom_lidar: 
    0.99412 -0.00620868   -0.108107 -0.00499806
 0.00860271    0.999728   0.0216928   0.0115611
   0.107942  -0.0224953    0.993903 -0.00496048
          0           0           0           1
T_world_lidar: 
    0.99412 -0.00620868   -0.108107 -0.00499806
 0.00860271    0.999728   0.0216928   0.0115611
   0.107942  -0.0224953    0.993903 -0.00496048
          0           0           0           1
v_world_imu:  0.000239493 -0.000483492   0.00263554
frame_34
id: 34
stamp: 1777101481.962337494
T_odom_lidar: 
   0.994116 -0.00612581   -0.108144 -0.00499384
 0.00850696    0.999731   0.0215709    0.011638
   0.107982  -0.0223639    0.993901 -0.00504005
          0           0           0           1
T_world_lidar: 
   0.994116 -0.00612581   -0.108144 -0.00499384
 0.00850696    0.999731   0.0215709    0.011638
   0.107982  -0.0223639    0.993901 -0.00504005
          0           0           0           1
v_world_imu:  0.000175749 -0.000159715   0.00330872
frame_35
id: 35
stamp: 1777101482.062343359
T_odom_lidar: 
   0.994114 -0.00620026   -0.108164 -0.00500348
 0.00857986    0.999731   0.0215485   0.0116573
   0.108001  -0.0223497    0.993899 -0.00497413
          0           0           0           1
T_world_lidar: 
   0.994114 -0.00620026   -0.108164 -0.00500348
 0.00857986    0.999731   0.0215485   0.0116573
   0.108001  -0.0223497    0.993899 -0.00497413
          0           0           0           1
v_world_imu:  0.000169433 -0.000309601    0.0034471
frame_36
id: 36
stamp: 1777101482.162416458
T_odom_lidar: 
   0.994114 -0.00617974   -0.108162 -0.00497405
 0.00854951    0.999733   0.0214594   0.0116279
      0.108  -0.0222579    0.993902 -0.00467163
          0           0           0           1
T_world_lidar: 
   0.994114 -0.00617974   -0.108162 -0.00497405
 0.00854951    0.999733   0.0214594   0.0116279
      0.108  -0.0222579    0.993902 -0.00467163
          0           0           0           1
v_world_imu:  0.000137679 -0.000256321    0.0027348
frame_37
id: 37
stamp: 1777101482.262346745
T_odom_lidar: 
    0.99411  -0.0062207   -0.108198 -0.00498843
 0.00859688    0.999732   0.0215089   0.0115989
   0.108035  -0.0223124    0.993897 -0.00451137
          0           0           0           1
T_world_lidar: 
    0.99411  -0.0062207   -0.108198 -0.00498843
 0.00859688    0.999732   0.0215089   0.0115989
   0.108035  -0.0223124    0.993897 -0.00451137
          0           0           0           1
v_world_imu:  0.000218331 -0.000203561   0.00305504
frame_38
id: 38
stamp: 1777101482.362524271
T_odom_lidar: 
   0.994104 -0.00617626   -0.108259  -0.0050184
 0.00854981    0.999733   0.0214742   0.0116463
   0.108098  -0.0222732    0.993891 -0.00438192
          0           0           0           1
T_world_lidar: 
   0.994104 -0.00617626   -0.108259  -0.0050184
 0.00854981    0.999733   0.0214742   0.0116463
   0.108098  -0.0222732    0.993891 -0.00438192
          0           0           0           1
v_world_imu: -0.000352259 -0.000615806   0.00309659
frame_39
id: 39
stamp: 1777101482.462425232
T_odom_lidar: 
   0.994111 -0.00616946    -0.10819 -0.00514156
 0.00853847    0.999734   0.0214471   0.0117252
   0.108029  -0.0222446    0.993899 -0.00449568
          0           0           0           1
T_world_lidar: 
   0.994111 -0.00616946    -0.10819 -0.00514156
 0.00853847    0.999734   0.0214471   0.0117252
   0.108029  -0.0222446    0.993899 -0.00449568
          0           0           0           1
v_world_imu: -9.86574e-05 -0.000289632   0.00381189
frame_40
id: 40
stamp: 1777101482.562419653
T_odom_lidar: 
   0.994112 -0.00631029    -0.10817 -0.00514558
 0.00868283    0.999732   0.0214765   0.0116952
   0.108006  -0.0222892      0.9939 -0.00418127
          0           0           0           1
T_world_lidar: 
   0.994112 -0.00631029    -0.10817 -0.00514558
 0.00868283    0.999732   0.0214765   0.0116952
   0.108006  -0.0222892      0.9939 -0.00418127
          0           0           0           1
v_world_imu: -0.000458418 -0.000292083   0.00325071
frame_41
id: 41
stamp: 1777101482.662706614
T_odom_lidar: 
   0.994112 -0.00628888   -0.108173 -0.00515452
 0.00865139    0.999734   0.0213847   0.0117106
    0.10801  -0.0221947    0.993902 -0.00425126
          0           0           0           1
T_world_lidar: 
   0.994112 -0.00628888   -0.108173 -0.00515452
 0.00865139    0.999734   0.0213847   0.0117106
    0.10801  -0.0221947    0.993902 -0.00425126
          0           0           0           1
v_world_imu: -0.000230395 -0.000681918   0.00422039
frame_42
id: 42
stamp: 1777101482.762547970
T_odom_lidar: 
   0.994118 -0.00629692   -0.108115 -0.00519255
 0.00866192    0.999733   0.0214192   0.0116332
   0.107952  -0.0222297    0.993908 -0.00390059
          0           0           0           1
T_world_lidar: 
   0.994118 -0.00629692   -0.108115 -0.00519255
 0.00866192    0.999733   0.0214192   0.0116332
   0.107952  -0.0222297    0.993908 -0.00390059
          0           0           0           1
v_world_imu:  0.000863783 -0.000665866   0.00329674
frame_43
id: 43
stamp: 1777101482.862608671
T_odom_lidar: 
   0.994115 -0.00606436   -0.108158 -0.00525591
 0.00842798    0.999735   0.0214097   0.0117657
   0.107999  -0.0221953    0.993903 -0.00393392
          0           0           0           1
T_world_lidar: 
   0.994115 -0.00606436   -0.108158 -0.00525591
 0.00842798    0.999735   0.0214097   0.0117657
   0.107999  -0.0221953    0.993903 -0.00393392
          0           0           0           1
v_world_imu: -0.000834142 -0.000739304   0.00481443
frame_44
id: 44
stamp: 1777101482.962644339
T_odom_lidar: 
   0.994124 -0.00619721   -0.108068  -0.0053668
 0.00857082    0.999732   0.0215135   0.0116653
   0.107905  -0.0223133    0.993911 -0.00350134
          0           0           0           1
T_world_lidar: 
   0.994124 -0.00619721   -0.108068  -0.0053668
 0.00857082    0.999732   0.0215135   0.0116653
   0.107905  -0.0223133    0.993911 -0.00350134
          0           0           0           1
v_world_imu: -0.000207249  -0.00130273    0.0037939
frame_45
id: 45
stamp: 1777101483.062605143
T_odom_lidar: 
   0.994122 -0.00617929   -0.108086 -0.00550978
 0.00853739    0.999735   0.0213677   0.0116299
   0.107926  -0.0221649    0.993912 -0.00322691
          0           0           0           1
T_world_lidar: 
   0.994122 -0.00617929   -0.108086 -0.00550978
 0.00853739    0.999735   0.0213677   0.0116299
   0.107926  -0.0221649    0.993912 -0.00322691
          0           0           0           1
v_world_imu:  -0.00150053 -0.000851562   0.00392232
frame_46
id: 46
stamp: 1777101483.162501335
T_odom_lidar: 
   0.994117 -0.00627663   -0.108128 -0.00569667
 0.00863085    0.999735   0.0213183   0.0115464
   0.107965  -0.0221261    0.993908 -0.00302579
          0           0           0           1
T_world_lidar: 
   0.994117 -0.00627663   -0.108128 -0.00569667
 0.00863085    0.999735   0.0213183   0.0115464
   0.107965  -0.0221261    0.993908 -0.00302579
          0           0           0           1
v_world_imu: -0.00206512 -0.00147154  0.00326444
frame_47
id: 47
stamp: 1777101483.262643337
T_odom_lidar: 
   0.994113 -0.00576315   -0.108197 -0.00576212
 0.00813925    0.999735   0.0215321   0.0116938
   0.108044   -0.022286    0.993896  -0.0041786
          0           0           0           1
T_world_lidar: 
   0.994113 -0.00576315   -0.108197 -0.00576212
 0.00813925    0.999735   0.0215321   0.0116938
   0.108044   -0.022286    0.993896  -0.0041786
          0           0           0           1
v_world_imu: 0.00242187 0.00199678 0.00185375
frame_48
id: 48
stamp: 1777101483.362534761
T_odom_lidar: 
     0.9941 -0.00583074   -0.108312 -0.00551795
 0.00822082    0.999732   0.0216332   0.0118426
   0.108157   -0.022396    0.993882 -0.00551969
          0           0           0           1
T_world_lidar: 
     0.9941 -0.00583074   -0.108312 -0.00551795
 0.00822082    0.999732   0.0216332   0.0118426
   0.108157   -0.022396    0.993882 -0.00551969
          0           0           0           1
v_world_imu:  0.00143001 4.18335e-05  0.00033878
frame_49
id: 49
stamp: 1777101483.462568521
T_odom_lidar: 
   0.994084 -0.00566298   -0.108468 -0.00544432
 0.00805237    0.999734   0.0216032   0.0117232
   0.108317  -0.0223488    0.993865  -0.0054662
          0           0           0           1
T_world_lidar: 
   0.994084 -0.00566298   -0.108468 -0.00544432
 0.00805237    0.999734   0.0216032   0.0117232
   0.108317  -0.0223488    0.993865  -0.0054662
          0           0           0           1
v_world_imu:  0.000817753 -0.000620697  0.000617676
frame_50
id: 50
stamp: 1777101483.562670946
T_odom_lidar: 
   0.994088 -0.00574984   -0.108427 -0.00534672
 0.00813456    0.999734   0.0215643   0.0117827
   0.108274  -0.0223188    0.993871 -0.00541415
          0           0           0           1
T_world_lidar: 
   0.994088 -0.00574984   -0.108427 -0.00534672
 0.00813456    0.999734   0.0215643   0.0117827
   0.108274  -0.0223188    0.993871 -0.00541415
          0           0           0           1
v_world_imu: 0.00144206 0.00137494 0.00027823
frame_51
id: 51
stamp: 1777101483.662627459
T_odom_lidar: 
   0.994082 -0.00578707   -0.108475 -0.00524604
 0.00817342    0.999734   0.0215673   0.0117814
   0.108322  -0.0223263    0.993865 -0.00535057
          0           0           0           1
T_world_lidar: 
   0.994082 -0.00578707   -0.108475 -0.00524604
 0.00817342    0.999734   0.0215673   0.0117814
   0.108322  -0.0223263    0.993865 -0.00535057
          0           0           0           1
v_world_imu:  0.000346863 -0.000677561  0.000456121
frame_52
id: 52
stamp: 1777101483.762593746
T_odom_lidar: 
   0.994084 -0.00570579   -0.108467 -0.00525203
  0.0080813    0.999737   0.0214738   0.0117456
   0.108316  -0.0222233    0.993868 -0.00530266
          0           0           0           1
T_world_lidar: 
   0.994084 -0.00570579   -0.108467 -0.00525203
  0.0080813    0.999737   0.0214738   0.0117456
   0.108316  -0.0222233    0.993868 -0.00530266
          0           0           0           1
v_world_imu: 0.000424315 0.000570815 6.04409e-05
frame_53
id: 53
stamp: 1777101483.862623453
T_odom_lidar: 
    0.99409 -0.00582259   -0.108406 -0.00518558
 0.00820567    0.999734   0.0215498   0.0117956
   0.108252   -0.022312    0.993873 -0.00530334
          0           0           0           1
T_world_lidar: 
    0.99409 -0.00582259   -0.108406 -0.00518558
 0.00820567    0.999734   0.0215498   0.0117956
   0.108252   -0.022312    0.993873 -0.00530334
          0           0           0           1
v_world_imu:  0.000256034  0.000399978 -2.73844e-05
frame_54
id: 54
stamp: 1777101483.962568998
T_odom_lidar: 
   0.994088 -0.00577812    -0.10842 -0.00522094
  0.0081579    0.999735    0.021519   0.0117431
   0.108267  -0.0222763    0.993872 -0.00527045
          0           0           0           1
T_world_lidar: 
   0.994088 -0.00577812    -0.10842 -0.00522094
  0.0081579    0.999735    0.021519   0.0117431
   0.108267  -0.0222763    0.993872 -0.00527045
          0           0           0           1
v_world_imu: -0.000725702 -0.000834812  4.85324e-05
frame_55
id: 55
stamp: 1777101484.062726021
T_odom_lidar: 
   0.994095  -0.0057274    -0.10836 -0.00523337
 0.00811172    0.999734   0.0215756   0.0116945
   0.108208  -0.0223272    0.993878 -0.00524331
          0           0           0           1
T_world_lidar: 
   0.994095  -0.0057274    -0.10836 -0.00523337
 0.00811172    0.999734   0.0215756   0.0116945
   0.108208  -0.0223272    0.993878 -0.00524331
          0           0           0           1
v_world_imu: 0.000288893  0.00072847 5.54254e-05
frame_56
id: 56
stamp: 1777101484.162693024
T_odom_lidar: 
   0.994093 -0.00587648    -0.10837 -0.00524459
  0.0082519    0.999735   0.0214841   0.0117399
   0.108215  -0.0222514    0.993878 -0.00523025
          0           0           0           1
T_world_lidar: 
   0.994093 -0.00587648    -0.10837 -0.00524459
  0.0082519    0.999735   0.0214841   0.0117399
   0.108215  -0.0222514    0.993878 -0.00523025
          0           0           0           1
v_world_imu: -0.000521295  -0.00031738 -8.52468e-05
frame_57
id: 57
stamp: 1777101484.262758255
T_odom_lidar: 
   0.994094  -0.0058527   -0.108362 -0.00530487
 0.00822539    0.999736   0.0214618   0.0116349
   0.108208  -0.0222264     0.99388 -0.00519264
          0           0           0           1
T_world_lidar: 
   0.994094  -0.0058527   -0.108362 -0.00530487
 0.00822539    0.999736   0.0214618   0.0116349
   0.108208  -0.0222264     0.99388 -0.00519264
          0           0           0           1
v_world_imu: -0.000795381 -0.000427769 -0.000113289
frame_58
id: 58
stamp: 1777101484.362661123
T_odom_lidar: 
   0.994097  -0.0059328    -0.10833 -0.00533928
  0.0083015    0.999736   0.0214276   0.0116428
   0.108175  -0.0222005    0.993884 -0.00517357
          0           0           0           1
T_world_lidar: 
   0.994097  -0.0059328    -0.10833 -0.00533928
  0.0083015    0.999736   0.0214276   0.0116428
   0.108175  -0.0222005    0.993884 -0.00517357
          0           0           0           1
v_world_imu: -0.000396042  0.000377612 -0.000202957
frame_59
id: 59
stamp: 1777101484.462713003
T_odom_lidar: 
   0.994097 -0.00592673   -0.108331 -0.00537763
 0.00829308    0.999736   0.0214064    0.011598
   0.108175  -0.0221784    0.993884 -0.00515883
          0           0           0           1
T_world_lidar: 
   0.994097 -0.00592673   -0.108331 -0.00537763
 0.00829308    0.999736   0.0214064    0.011598
   0.108175  -0.0221784    0.993884 -0.00515883
          0           0           0           1
v_world_imu: -0.000885899 -0.000754458 -0.000157956
frame_60
id: 60
stamp: 1777101484.562714577
T_odom_lidar: 
   0.994092 -0.00591288   -0.108379 -0.00546678
 0.00828142    0.999736   0.0214173   0.0114837
   0.108224  -0.0221883    0.993879 -0.00515306
          0           0           0           1
T_world_lidar: 
   0.994092 -0.00591288   -0.108379 -0.00546678
 0.00828142    0.999736   0.0214173   0.0114837
   0.108224  -0.0221883    0.993879 -0.00515306
          0           0           0           1
v_world_imu:  -0.00103231 -0.000534408 -6.10684e-06
frame_61
id: 61
stamp: 1777101484.662702084
T_odom_lidar: 
   0.994102 -0.00597707   -0.108281 -0.00553686
  0.0083428    0.999736   0.0214083   0.0114559
   0.108124  -0.0221854     0.99389  -0.0051263
          0           0           0           1
T_world_lidar: 
   0.994102 -0.00597707   -0.108281 -0.00553686
  0.0083428    0.999736   0.0214083   0.0114559
   0.108124  -0.0221854     0.99389  -0.0051263
          0           0           0           1
v_world_imu:   -0.0010959 -0.000594431  0.000330168
frame_62
id: 62
stamp: 1777101484.762726545
T_odom_lidar: 
   0.994105 -0.00600225   -0.108252 -0.00564437
 0.00837416    0.999734   0.0214697   0.0113117
   0.108095  -0.0222497    0.993892 -0.00511461
          0           0           0           1
T_world_lidar: 
   0.994105 -0.00600225   -0.108252 -0.00564437
 0.00837416    0.999734   0.0214697   0.0113117
   0.108095  -0.0222497    0.993892 -0.00511461
          0           0           0           1
v_world_imu: -0.00148249 -0.00161211 4.43907e-05
frame_63
id: 63
stamp: 1777101484.862768173
T_odom_lidar: 
   0.994109 -0.00603547    -0.10822 -0.00574875
 0.00840058    0.999735   0.0214121   0.0112056
   0.108062   -0.022195    0.993896 -0.00508673
          0           0           0           1
T_world_lidar: 
   0.994109 -0.00603547    -0.10822 -0.00574875
 0.00840058    0.999735   0.0214121   0.0112056
   0.108062   -0.022195    0.993896 -0.00508673
          0           0           0           1
v_world_imu:  -0.00083018 -0.000823616 -0.000837155
frame_64
id: 64
stamp: 1777101484.962702274
T_odom_lidar: 
   0.994112 -0.00609394   -0.108188 -0.00578728
 0.00846596    0.999733   0.0214793   0.0111328
   0.108028  -0.0222688    0.993898 -0.00518387
          0           0           0           1
T_world_lidar: 
   0.994112 -0.00609394   -0.108188 -0.00578728
 0.00846596    0.999733   0.0214793   0.0111328
   0.108028  -0.0222688    0.993898 -0.00518387
          0           0           0           1
v_world_imu: -0.000810586 -0.000807009 -0.000658536
frame_65
id: 65
stamp: 1777101485.062831640
T_odom_lidar: 
   0.994118 -0.00606467   -0.108128 -0.00584464
 0.00843215    0.999734   0.0214514    0.011031
   0.107969   -0.022237    0.993905  -0.0052593
          0           0           0           1
T_world_lidar: 
   0.994118 -0.00606467   -0.108128 -0.00584464
 0.00843215    0.999734   0.0214514    0.011031
   0.107969   -0.022237    0.993905  -0.0052593
          0           0           0           1
v_world_imu: -0.000538451 -0.000938013 -0.000663458
frame_66
id: 66
stamp: 1777101485.162747860
T_odom_lidar: 
   0.994121  -0.0060575   -0.108107 -0.00584508
 0.00842888    0.999733   0.0214919   0.0109622
   0.107948  -0.0222767    0.993907 -0.00536038
          0           0           0           1
T_world_lidar: 
   0.994121  -0.0060575   -0.108107 -0.00584508
 0.00842888    0.999733   0.0214919   0.0109622
   0.107948  -0.0222767    0.993907 -0.00536038
          0           0           0           1
v_world_imu:  0.000136515 -0.000646035  -0.00025804
frame_67
id: 67
stamp: 1777101485.262744665
T_odom_lidar: 
   0.994132 -0.00607068   -0.108006 -0.00585692
 0.00843756    0.999734   0.0214707    0.010931
   0.107847   -0.022256    0.993918 -0.00542485
          0           0           0           1
T_world_lidar: 
   0.994132 -0.00607068   -0.108006 -0.00585692
 0.00843756    0.999734   0.0214707    0.010931
   0.107847   -0.022256    0.993918 -0.00542485
          0           0           0           1
v_world_imu: -0.000160556 -0.000927953 -6.29447e-05
frame_68
id: 68
stamp: 1777101485.362836838
T_odom_lidar: 
   0.994133 -0.00599072   -0.107995 -0.00581347
 0.00836046    0.999734   0.0215036   0.0108788
   0.107838  -0.0222803    0.993919  -0.0055099
          0           0           0           1
T_world_lidar: 
   0.994133 -0.00599072   -0.107995 -0.00581347
 0.00836046    0.999734   0.0215036   0.0108788
   0.107838  -0.0222803    0.993919  -0.0055099
          0           0           0           1
v_world_imu:  0.000728683 -0.000644315 -0.000363965
frame_69
id: 69
stamp: 1777101485.462822676
T_odom_lidar: 
   0.994137 -0.00602534   -0.107963  -0.0057471
 0.00839147    0.999734   0.0214752   0.0108796
   0.107805  -0.0222552    0.993923 -0.00561362
          0           0           0           1
T_world_lidar: 
   0.994137 -0.00602534   -0.107963  -0.0057471
 0.00839147    0.999734   0.0214752   0.0108796
   0.107805  -0.0222552    0.993923 -0.00561362
          0           0           0           1
v_world_imu:  0.000864936 -0.000610785 -0.000565036
frame_70
id: 70
stamp: 1777101485.562907934
T_odom_lidar: 
   0.994124 -0.00598986   -0.108083  -0.0056381
 0.00837076    0.999732   0.0215882   0.0108449
   0.107925  -0.0223661    0.993907 -0.00574454
          0           0           0           1
T_world_lidar: 
   0.994124 -0.00598986   -0.108083  -0.0056381
 0.00837076    0.999732   0.0215882   0.0108449
   0.107925  -0.0223661    0.993907 -0.00574454
          0           0           0           1
v_world_imu:  0.00144267  -0.0005124 -0.00115069
frame_71
id: 71
stamp: 1777101485.662947416
T_odom_lidar: 
    0.99411 -0.00602003   -0.108209 -0.00549771
 0.00841385     0.99973   0.0216792   0.0108324
    0.10805  -0.0224619    0.993892 -0.00588732
          0           0           0           1
T_world_lidar: 
    0.99411 -0.00602003   -0.108209 -0.00549771
 0.00841385     0.99973   0.0216792   0.0108324
    0.10805  -0.0224619    0.993892 -0.00588732
          0           0           0           1
v_world_imu:  0.00149559  5.1862e-05 -0.00080539
frame_72
id: 72
stamp: 1777101485.762845993
T_odom_lidar: 
   0.994106 -0.00598154   -0.108245 -0.00538931
 0.00837172    0.999731   0.0216402   0.0108636
   0.108087  -0.0224189    0.993889 -0.00599326
          0           0           0           1
T_world_lidar: 
   0.994106 -0.00598154   -0.108245 -0.00538931
 0.00837172    0.999731   0.0216402   0.0108636
   0.108087  -0.0224189    0.993889 -0.00599326
          0           0           0           1
v_world_imu:   0.00130252  7.61008e-05 -0.000946601
frame_73
id: 73
stamp: 1777101485.862836838
T_odom_lidar: 
   0.994103 -0.00593339   -0.108279 -0.00528214
 0.00832131    0.999732   0.0216149   0.0108961
   0.108121  -0.0223885    0.993886 -0.00608174
          0           0           0           1
T_world_lidar: 
   0.994103 -0.00593339   -0.108279 -0.00528214
 0.00832131    0.999732   0.0216149   0.0108961
   0.108121  -0.0223885    0.993886 -0.00608174
          0           0           0           1
v_world_imu:  0.00123894 0.000669314 -0.00091703
frame_74
id: 74
stamp: 1777101485.962930202
T_odom_lidar: 
   0.994109 -0.00600111   -0.108222 -0.00517922
 0.00837784    0.999733   0.0215202    0.010987
   0.108064  -0.0223001    0.993894 -0.00613911
          0           0           0           1
T_world_lidar: 
   0.994109 -0.00600111   -0.108222 -0.00517922
 0.00837784    0.999733   0.0215202    0.010987
   0.108064  -0.0223001    0.993894 -0.00613911
          0           0           0           1
v_world_imu:  0.00128295  0.00120534 -0.00111579
frame_75
id: 75
stamp: 1777101486.062914133
T_odom_lidar: 
   0.994108 -0.00601758   -0.108231 -0.00509741
 0.00839264    0.999734   0.0215023   0.0110741
   0.108072  -0.0222839    0.993893 -0.00619412
          0           0           0           1
T_world_lidar: 
   0.994108 -0.00601758   -0.108231 -0.00509741
 0.00839264    0.999734   0.0215023   0.0110741
   0.108072  -0.0222839    0.993893 -0.00619412
          0           0           0           1
v_world_imu:  0.000434169   0.00118956 -0.000842065
frame_76
id: 76
stamp: 1777101486.163022280
T_odom_lidar: 
   0.994102 -0.00604967   -0.108283 -0.00503574
 0.00841787    0.999735   0.0214268   0.0111802
   0.108125  -0.0222119    0.993889 -0.00622776
          0           0           0           1
T_world_lidar: 
   0.994102 -0.00604967   -0.108283 -0.00503574
 0.00841787    0.999735   0.0214268   0.0111802
