id: 7
T_world_origin: 
   0.737316    0.543571    0.401119   -0.219354
  -0.471357    0.839295   -0.270935    0.220266
   -0.48393   0.0106945    0.875041 0.000541937
          0           0           0           1
T_origin_endpoint_L: 
   0.992019   -0.125717 -0.00968596 -0.00186617
   0.126086    0.989672   0.0682089    0.023698
 0.00101088  -0.0688858    0.997624 -0.00318697
          0           0           0           1
T_origin_endpoint_R: 
   0.971324    0.236592  -0.0235371  0.00217442
  -0.237602    0.962298   -0.132395  -0.0548372
-0.00867393    0.134191    0.990918 0.000393529
          0           0           0           1
T_lidar_imu: 
     1      0      0  0.006
     0      1      0 -0.012
     0      0      1  0.008
     0      0      0      1
imu_bias:  0.00494767 0.000300476 -0.00897252 -0.00527886 -0.00114597  0.00147593
frame_id: 2
num_frames: 19
frame_0
id: 3681
stamp: 1777955703.438621521
T_odom_lidar: 
     0.7992    0.417204    0.432689   -0.211682
  -0.361317    0.908751   -0.208857    0.256247
  -0.480343   0.0105809    0.877017 -0.00405536
          0           0           0           1
T_world_lidar: 
     0.7992    0.417204    0.432689   -0.211682
  -0.361317    0.908751   -0.208857    0.256247
  -0.480343   0.0105809    0.877017 -0.00405536
          0           0           0           1
v_world_imu: 0.0215898 -0.042322 -0.014822
frame_1
id: 3682
stamp: 1777955703.538615465
T_odom_lidar: 
   0.788651    0.438857    0.430621   -0.209353
  -0.378283    0.898465    -0.22285    0.249607
  -0.484698    0.012854    0.874587 -0.00395113
          0           0           0           1
T_world_lidar: 
   0.788651    0.438857    0.430621   -0.209353
  -0.378283    0.898465    -0.22285    0.249607
  -0.484698    0.012854    0.874587 -0.00395113
          0           0           0           1
v_world_imu:  0.0222711  0.0585531 0.00386491
frame_2
id: 3683
stamp: 1777955703.638423204
T_odom_lidar: 
 0.773344  0.476871  0.417771 -0.213044
-0.412953  0.878889 -0.238796  0.250271
-0.481049  0.012152  0.876609 -0.003439
        0         0         0         1
T_world_lidar: 
 0.773344  0.476871  0.417771 -0.213044
-0.412953  0.878889 -0.238796  0.250271
-0.481049  0.012152  0.876609 -0.003439
        0         0         0         1
v_world_imu:  0.0189214 -0.0208377 0.00119134
frame_3
id: 3684
stamp: 1777955703.738366604
T_odom_lidar: 
   0.760835    0.500814    0.412692   -0.214628
  -0.433976    0.865481   -0.250214    0.241946
  -0.482488   0.0112729     0.87583 -0.00318985
          0           0           0           1
T_world_lidar: 
   0.760835    0.500814    0.412692   -0.214628
  -0.433976    0.865481   -0.250214    0.241946
  -0.482488   0.0112729     0.87583 -0.00318985
          0           0           0           1
v_world_imu:  -0.0480679  -0.0470736 0.000749794
frame_4
id: 3685
stamp: 1777955703.838576317
T_odom_lidar: 
    0.74806    0.523567    0.407779   -0.215406
  -0.452954    0.851901   -0.262863    0.238314
  -0.485014   0.0119316    0.874425 -0.00293861
          0           0           0           1
T_world_lidar: 
    0.74806    0.523567    0.407779   -0.215406
  -0.452954    0.851901   -0.262863    0.238314
  -0.485014   0.0119316    0.874425 -0.00293861
          0           0           0           1
v_world_imu:  -0.0521867  0.00490474 -0.00568182
frame_5
id: 3686
stamp: 1777955703.938493729
T_odom_lidar: 
   0.741361    0.538183    0.400929   -0.217743
  -0.467303     0.84276   -0.267177    0.239033
  -0.481676   0.0107193    0.876284 -0.00295957
          0           0           0           1
T_world_lidar: 
   0.741361    0.538183    0.400929   -0.217743
  -0.467303     0.84276   -0.267177    0.239033
  -0.481676   0.0107193    0.876284 -0.00295957
          0           0           0           1
v_world_imu:   0.0460385  -0.0502231 -0.00229991
frame_6
id: 3687
stamp: 1777955704.038698673
T_odom_lidar: 
   0.740682    0.539169    0.400859   -0.218293
  -0.467902    0.842126   -0.268127    0.235054
  -0.482139   0.0110339    0.876025 -0.00316111
          0           0           0           1
T_world_lidar: 
   0.740682    0.539169    0.400859   -0.218293
  -0.467902    0.842126   -0.268127    0.235054
  -0.482139   0.0110339    0.876025 -0.00316111
          0           0           0           1
v_world_imu:  0.00410173   0.0344616 0.000455875
frame_7
id: 3688
stamp: 1777955704.138847351
T_odom_lidar: 
   0.739492    0.538702    0.403672   -0.217377
   -0.46575    0.842405   -0.270981    0.233534
  -0.486033    0.012378    0.873853 -0.00286197
          0           0           0           1
T_world_lidar: 
   0.739492    0.538702    0.403672   -0.217377
   -0.46575    0.842405   -0.270981    0.233534
  -0.486033    0.012378    0.873853 -0.00286197
          0           0           0           1
v_world_imu:  -0.0412834   0.0477895 -0.00109916
frame_8
id: 3689
stamp: 1777955704.238353252
T_odom_lidar: 
    0.74135    0.538187    0.400943   -0.221274
  -0.466593    0.842741   -0.268477    0.236411
  -0.482382   0.0119582     0.87588 -0.00267765
          0           0           0           1
T_world_lidar: 
    0.74135    0.538187    0.400943   -0.221274
  -0.466593    0.842741   -0.268477    0.236411
  -0.482382   0.0119582     0.87588 -0.00267765
          0           0           0           1
v_world_imu:  0.0161733 -0.0244942 0.00212163
frame_9
id: 3690
stamp: 1777955704.338640928
T_odom_lidar: 
   0.736181    0.543177     0.40373   -0.219773
  -0.470656    0.839562   -0.271327    0.234934
  -0.486334  0.00972753    0.873719 -0.00235686
          0           0           0           1
T_world_lidar: 
   0.736181    0.543177     0.40373   -0.219773
  -0.470656    0.839562   -0.271327    0.234934
  -0.486334  0.00972753    0.873719 -0.00235686
          0           0           0           1
v_world_imu: -0.0193837   0.013749 0.00406812
frame_10
id: 3691
stamp: 1777955704.438647985
T_odom_lidar: 
   0.729924    0.556972    0.396222   -0.219049
   -0.48281     0.83045   -0.277932    0.231986
  -0.483844   0.0115693    0.875078 -0.00235916
          0           0           0           1
T_world_lidar: 
   0.729924    0.556972    0.396222   -0.219049
   -0.48281     0.83045   -0.277932    0.231986
  -0.483844   0.0115693    0.875078 -0.00235916
          0           0           0           1
v_world_imu:   0.0687259  -0.0783459 -0.00170781
frame_11
id: 3692
stamp: 1777955704.538533688
T_odom_lidar: 
   0.719523    0.575702      0.3884   -0.219509
  -0.499574    0.817572   -0.286361    0.225588
  -0.482403   0.0120088    0.875867 -0.00246919
          0           0           0           1
T_world_lidar: 
   0.719523    0.575702      0.3884   -0.219509
  -0.499574    0.817572   -0.286361    0.225588
  -0.482403   0.0120088    0.875867 -0.00246919
          0           0           0           1
v_world_imu:  -0.0200938  -0.0485296 -0.00409877
frame_12
id: 3693
stamp: 1777955704.638380289
T_odom_lidar: 
  0.706718   0.594359   0.383779  -0.218829
 -0.514754   0.804101  -0.297407   0.217968
 -0.485363  0.0126309   0.874221 -0.0026562
         0          0          0          1
T_world_lidar: 
  0.706718   0.594359   0.383779  -0.218829
 -0.514754   0.804101  -0.297407   0.217968
 -0.485363  0.0126309   0.874221 -0.0026562
         0          0          0          1
v_world_imu:  -0.0402819  -0.0220615 -0.00176781
frame_13
id: 3694
stamp: 1777955704.738446236
T_odom_lidar: 
   0.688728    0.621635    0.373127   -0.221718
  -0.538691    0.783202   -0.310493    0.213115
  -0.485247    0.012845    0.874283 -0.00275225
          0           0           0           1
T_world_lidar: 
   0.688728    0.621635    0.373127   -0.221718
  -0.538691    0.783202   -0.310493    0.213115
  -0.485247    0.012845    0.874283 -0.00275225
          0           0           0           1
v_world_imu:   -0.0144568   -0.0580933 -0.000134282
frame_14
id: 3695
stamp: 1777955704.838483334
T_odom_lidar: 
   0.669489    0.649709    0.360087   -0.226752
  -0.564046    0.760073    -0.32271    0.207817
  -0.483359   0.0129449    0.875326 -0.00289093
          0           0           0           1
T_world_lidar: 
   0.669489    0.649709    0.360087   -0.226752
  -0.564046    0.760073    -0.32271    0.207817
  -0.483359   0.0129449    0.875326 -0.00289093
          0           0           0           1
v_world_imu:  -0.0272828  -0.0875742 -0.00169807
frame_15
id: 3696
stamp: 1777955704.938518047
T_odom_lidar: 
    0.64596     0.67984    0.347207   -0.230972
  -0.590348    0.733245   -0.337403    0.200107
  -0.483968   0.0129764     0.87499 -0.00323556
          0           0           0           1
T_world_lidar: 
    0.64596     0.67984    0.347207   -0.230972
  -0.590348    0.733245   -0.337403    0.200107
  -0.483968   0.0129764     0.87499 -0.00323556
          0           0           0           1
v_world_imu:  -0.0576209  -0.0606386 -0.00395847
frame_16
id: 3697
stamp: 1777955705.037978888
T_odom_lidar: 
   0.620971    0.709396    0.333394   -0.236128
  -0.616372    0.704695   -0.351412    0.194199
  -0.484231   0.0127217    0.874847 -0.00363464
          0           0           0           1
T_world_lidar: 
   0.620971    0.709396    0.333394   -0.236128
  -0.616372    0.704695   -0.351412    0.194199
  -0.484231   0.0127217    0.874847 -0.00363464
          0           0           0           1
v_world_imu:  -0.0620849  -0.0416272 -0.00334513
frame_17
id: 3698
stamp: 1777955705.138375998
T_odom_lidar: 
   0.599087    0.733436    0.321196     -0.2403
   -0.63748    0.679641   -0.362916    0.189156
  -0.484473   0.0126625    0.874714 -0.00372846
          0           0           0           1
T_world_lidar: 
   0.599087    0.733436    0.321196     -0.2403
   -0.63748    0.679641   -0.362916    0.189156
  -0.484473   0.0126625    0.874714 -0.00372846
          0           0           0           1
v_world_imu: -0.0497701 -0.0551277 0.00114519
frame_18
id: 3699
stamp: 1777955705.238803148
T_odom_lidar: 
   0.582508    0.751049    0.310821    -0.24364
  -0.654288    0.660146   -0.368938    0.187494
  -0.482278    0.011543    0.875942 -0.00362429
          0           0           0           1
T_world_lidar: 
   0.582508    0.751049    0.310821    -0.24364
  -0.654288    0.660146   -0.368938    0.187494
  -0.482278    0.011543    0.875942 -0.00362429
          0           0           0           1
v_world_imu:   0.0294445   -0.057532 0.000310849
