id: 6
T_world_origin: 
  0.952005   -0.28161  -0.119929    1.79872
  0.282203   0.959275  -0.012357  -0.174889
  0.118524 -0.0220803   0.992706  0.0146116
         0          0          0          1
T_origin_endpoint_L: 
    0.979267     0.202274    0.0110646   0.00298676
   -0.202539     0.978671    0.0343719    0.0779744
 -0.00387607   -0.0359003     0.999348 -0.000572177
           0            0            0            1
T_origin_endpoint_R: 
 0.252691  0.962157  0.101986 -0.155337
-0.965245   0.24342 0.0951215 -0.222639
0.0666963 -0.122478  0.990228 0.0193725
        0         0         0         1
T_lidar_imu: 
     1      0      0  0.006
     0      1      0 -0.012
     0      0      1  0.008
     0      0      0      1
imu_bias: -8.56119e-05  -0.00055126  -0.00490653 -0.000194839 -0.000523758   0.00162783
frame_id: 2
num_frames: 117
frame_0
id: 944
stamp: 1777101573.262094259
T_odom_lidar: 
  0.989768 -0.0787321  -0.118996    1.77374
 0.0821097    0.99634  0.0237456 -0.0879663
  0.116691 -0.0332734   0.992611 0.00363558
         0          0          0          1
T_world_lidar: 
  0.989768 -0.0787321  -0.118996    1.77374
 0.0821097    0.99634  0.0237456 -0.0879663
  0.116691 -0.0332734   0.992611 0.00363558
         0          0          0          1
v_world_imu:  -0.239064  -0.173741 0.00239773
frame_1
id: 945
stamp: 1777101573.362053394
T_odom_lidar: 
  0.986626  -0.110727  -0.119621    1.74963
  0.113636   0.993364  0.0177524  -0.106233
  0.116861 -0.0311082   0.992661 0.00382451
         0          0          0          1
T_world_lidar: 
  0.986626  -0.110727  -0.119621    1.74963
  0.113636   0.993364  0.0177524  -0.106233
  0.116861 -0.0311082   0.992661 0.00382451
         0          0          0          1
v_world_imu:  -0.245549  -0.188194 0.00459102
frame_2
id: 946
stamp: 1777101573.462315083
T_odom_lidar: 
  0.982782  -0.140255  -0.120281    1.72616
  0.142923   0.989638  0.0138021  -0.123512
  0.117099 -0.0307554   0.992644 0.00394038
         0          0          0          1
T_world_lidar: 
  0.982782  -0.140255  -0.120281    1.72616
  0.142923   0.989638  0.0138021  -0.123512
  0.117099 -0.0307554   0.992644 0.00394038
         0          0          0          1
v_world_imu:   -0.225261   -0.147483 -0.00223895
frame_3
id: 947
stamp: 1777101573.562521696
T_odom_lidar: 
  0.977067  -0.175581  -0.120463    1.70291
  0.178277   0.983908   0.011897  -0.138314
  0.116435 -0.0330999   0.992647 0.00366686
         0          0          0          1
T_world_lidar: 
  0.977067  -0.175581  -0.120463    1.70291
  0.178277   0.983908   0.011897  -0.138314
  0.116435 -0.0330999   0.992647 0.00366686
         0          0          0          1
v_world_imu:     -0.22484     -0.15961 -0.000311672
frame_4
id: 948
stamp: 1777101573.662306786
T_odom_lidar: 
  0.970197  -0.210672  -0.119727    1.68007
  0.213115   0.976996 0.00783387  -0.156123
  0.115323 -0.0331161   0.992776 0.00357135
         0          0          0          1
T_world_lidar: 
  0.970197  -0.210672  -0.119727    1.68007
  0.213115   0.976996 0.00783387  -0.156123
  0.115323 -0.0331161   0.992776 0.00357135
         0          0          0          1
v_world_imu:   -0.238911   -0.191268 0.000314295
frame_5
id: 949
stamp: 1777101573.762354851
T_odom_lidar: 
  0.963343  -0.239587  -0.120703    1.65718
  0.241547   0.970388  0.0016624  -0.177571
  0.116731 -0.0307569   0.992687 0.00392036
         0          0          0          1
T_world_lidar: 
  0.963343  -0.239587  -0.120703    1.65718
  0.241547   0.970388  0.0016624  -0.177571
  0.116731 -0.0307569   0.992687 0.00392036
         0          0          0          1
v_world_imu: -0.211088 -0.209294 0.0076717
frame_6
id: 950
stamp: 1777101573.862154007
T_odom_lidar: 
   0.958951    -0.25626   -0.121426     1.63943
   0.257836    0.966185 -0.00282526   -0.194702
   0.118044  -0.0285987    0.992596  0.00439747
          0           0           0           1
T_world_lidar: 
   0.958951    -0.25626   -0.121426     1.63943
   0.257836    0.966185 -0.00282526   -0.194702
   0.118044  -0.0285987    0.992596  0.00439747
          0           0           0           1
v_world_imu:   -0.118601   -0.105791 -0.00144996
frame_7
id: 951
stamp: 1777101573.962435722
T_odom_lidar: 
   0.956376   -0.265816   -0.121186     1.62982
   0.267289    0.963607 -0.00423118   -0.201586
     0.1179  -0.0283451    0.992621  0.00438587
          0           0           0           1
T_world_lidar: 
   0.956376   -0.265816   -0.121186     1.62982
   0.267289    0.963607 -0.00423118   -0.201586
     0.1179  -0.0283451    0.992621  0.00438587
          0           0           0           1
v_world_imu:  -0.0706447  -0.0362643 -0.00172335
frame_8
id: 952
stamp: 1777101574.062333584
T_odom_lidar: 
   0.955839   -0.267813   -0.121028     1.62455
   0.269311    0.963044 -0.00411114   -0.202082
   0.117657  -0.0286647    0.992641  0.00410997
          0           0           0           1
T_world_lidar: 
   0.955839   -0.267813   -0.121028     1.62455
   0.269311    0.963044 -0.00411114   -0.202082
   0.117657  -0.0286647    0.992641  0.00410997
          0           0           0           1
v_world_imu:   -0.0183751   0.00807388 -0.000728484
frame_9
id: 953
stamp: 1777101574.162199259
T_odom_lidar: 
   0.955994   -0.267876   -0.119657      1.6272
   0.269369     0.96303 -0.00382887    -0.20047
   0.116259  -0.0285714    0.992808  0.00387234
          0           0           0           1
T_world_lidar: 
   0.955994   -0.267876   -0.119657      1.6272
   0.269369     0.96303 -0.00382887    -0.20047
   0.116259  -0.0285714    0.992808  0.00387234
          0           0           0           1
v_world_imu:   0.0391769  0.00905874 -0.00129818
frame_10
id: 954
stamp: 1777101574.262135983
T_odom_lidar: 
    0.95616   -0.267434   -0.119323       1.628
   0.268897    0.963161 -0.00396659   -0.200229
   0.115988  -0.0282929    0.992848  0.00381318
          0           0           0           1
T_world_lidar: 
    0.95616   -0.267434   -0.119323       1.628
   0.268897    0.963161 -0.00396659   -0.200229
   0.115988  -0.0282929    0.992848  0.00381318
          0           0           0           1
v_world_imu: -0.0216045 -0.0123865 0.00295288
frame_11
id: 955
stamp: 1777101574.362365723
T_odom_lidar: 
   0.956391   -0.266476   -0.119612     1.62784
   0.267901    0.963437 -0.00430192   -0.201099
   0.116385    -0.02793    0.992811  0.00386931
          0           0           0           1
T_world_lidar: 
   0.956391   -0.266476   -0.119612     1.62784
   0.267901    0.963437 -0.00430192   -0.201099
   0.116385    -0.02793    0.992811  0.00386931
          0           0           0           1
v_world_imu:  0.0170814 0.00211599  -0.001406
frame_12
id: 956
stamp: 1777101574.462275267
T_odom_lidar: 
   0.956056   -0.267937   -0.119028     1.62801
   0.269414    0.963017 -0.00380711   -0.199771
   0.115646  -0.0284278    0.992884   0.0036039
          0           0           0           1
T_world_lidar: 
   0.956056   -0.267937   -0.119028     1.62801
   0.269414    0.963017 -0.00380711   -0.199771
   0.115646  -0.0284278    0.992884   0.0036039
          0           0           0           1
v_world_imu:  -0.0133719  0.00854288 -0.00160151
frame_13
id: 957
stamp: 1777101574.562652826
T_odom_lidar: 
   0.956483   -0.266359   -0.119137     1.62827
   0.267775    0.963472 -0.00425663    -0.20082
   0.115919  -0.0278305    0.992869  0.00372191
          0           0           0           1
T_world_lidar: 
   0.956483   -0.266359   -0.119137     1.62827
   0.267775    0.963472 -0.00425663    -0.20082
   0.115919  -0.0278305    0.992869  0.00372191
          0           0           0           1
v_world_imu:  0.00976082  -0.0114249 0.000545606
frame_14
id: 958
stamp: 1777101574.662243366
T_odom_lidar: 
   0.956203   -0.267298   -0.119277     1.62806
   0.268747    0.963202 -0.00406537   -0.200198
   0.115974   -0.028168    0.992853  0.00358112
          0           0           0           1
T_world_lidar: 
   0.956203   -0.267298   -0.119277     1.62806
   0.268747    0.963202 -0.00406537   -0.200198
   0.115974   -0.028168    0.992853  0.00358112
          0           0           0           1
v_world_imu: -0.00178592   0.0154022 -0.00290311
frame_15
id: 959
stamp: 1777101574.762185574
T_odom_lidar: 
   0.956312    -0.26708   -0.118894     1.62862
   0.268511    0.963268 -0.00411808   -0.200041
   0.115627  -0.0279861    0.992898  0.00348995
          0           0           0           1
T_world_lidar: 
   0.956312    -0.26708   -0.118894     1.62862
   0.268511    0.963268 -0.00411808   -0.200041
   0.115627  -0.0279861    0.992898  0.00348995
          0           0           0           1
v_world_imu:  0.00196775  -0.0102629 0.000865169
frame_16
id: 960
stamp: 1777101574.862107515
T_odom_lidar: 
   0.956411   -0.266513   -0.119368     1.62821
   0.267937    0.963427 -0.00426084    -0.20062
   0.116138  -0.0279079    0.992841  0.00355935
          0           0           0           1
T_world_lidar: 
   0.956411   -0.266513   -0.119368     1.62821
   0.267937    0.963427 -0.00426084    -0.20062
   0.116138  -0.0279079    0.992841  0.00355935
          0           0           0           1
v_world_imu:  0.00170541  0.00513115 -0.00150748
frame_17
id: 961
stamp: 1777101574.962343693
T_odom_lidar: 
   0.956277   -0.267261   -0.118771     1.62872
   0.268702    0.963215 -0.00400383   -0.199844
   0.115472  -0.0280853    0.992914    0.003391
          0           0           0           1
T_world_lidar: 
   0.956277   -0.267261   -0.118771     1.62872
   0.268702    0.963215 -0.00400383   -0.199844
   0.115472  -0.0280853    0.992914    0.003391
          0           0           0           1
v_world_imu: -0.00184221  0.00290805  -0.0008656
frame_18
id: 962
stamp: 1777101575.062285900
T_odom_lidar: 
   0.95639  -0.266641  -0.119254     1.6284
   0.26808   0.963388 -0.0041086  -0.200461
  0.115983 -0.0280402   0.992855 0.00350075
         0          0          0          1
T_world_lidar: 
   0.95639  -0.266641  -0.119254     1.6284
   0.26808   0.963388 -0.0041086  -0.200461
  0.115983 -0.0280402   0.992855 0.00350075
         0          0          0          1
v_world_imu:  0.00311207 -0.00767529 0.000707438
frame_19
id: 963
stamp: 1777101575.162385702
T_odom_lidar: 
   0.956386   -0.266784   -0.118961     1.62863
   0.268215     0.96335 -0.00412029   -0.200218
     0.1157  -0.0279665     0.99289  0.00344093
          0           0           0           1
T_world_lidar: 
   0.956386   -0.266784   -0.118961     1.62863
   0.268215     0.96335 -0.00412029   -0.200218
     0.1157  -0.0279665     0.99289  0.00344093
          0           0           0           1
v_world_imu: -0.00358138   0.0105715 -0.00149007
frame_20
id: 964
stamp: 1777101575.262329817
T_odom_lidar: 
  0.956334  -0.266978  -0.118945    1.62857
  0.268417   0.963294 -0.0040542  -0.200101
  0.115661 -0.0280497   0.992893 0.00343826
         0          0          0          1
T_world_lidar: 
  0.956334  -0.266978  -0.118945    1.62857
  0.268417   0.963294 -0.0040542  -0.200101
  0.115661 -0.0280497   0.992893 0.00343826
         0          0          0          1
v_world_imu:   0.0030785 -0.00926447  0.00150806
frame_21
id: 965
stamp: 1777101575.362291336
T_odom_lidar: 
    0.95646   -0.266502   -0.118997      1.6285
   0.267922    0.963431 -0.00419724   -0.200558
   0.115764  -0.0278674    0.992886  0.00355506
          0           0           0           1
T_world_lidar: 
    0.95646   -0.266502   -0.118997      1.6285
   0.267922    0.963431 -0.00419724   -0.200558
   0.115764  -0.0278674    0.992886  0.00355506
          0           0           0           1
v_world_imu:  -0.00298643   0.00510691 -0.000242586
frame_22
id: 966
stamp: 1777101575.462308645
T_odom_lidar: 
   0.956362      -0.267   -0.118673      1.6287
    0.26844    0.963288 -0.00397498   -0.200023
   0.115378  -0.0280551    0.992925  0.00352537
          0           0           0           1
T_world_lidar: 
   0.956362      -0.267   -0.118673      1.6287
    0.26844    0.963288 -0.00397498   -0.200023
   0.115378  -0.0280551    0.992925  0.00352537
          0           0           0           1
v_world_imu:  0.00267503 0.000322262  0.00115445
frame_23
id: 967
stamp: 1777101575.562753201
T_odom_lidar: 
   0.956459   -0.266533   -0.118942     1.62857
   0.267959    0.963421 -0.00413369   -0.200487
   0.115693  -0.0279178    0.992893  0.00371166
          0           0           0           1
T_world_lidar: 
   0.956459   -0.266533   -0.118942     1.62857
   0.267959    0.963421 -0.00413369   -0.200487
   0.115693  -0.0279178    0.992893  0.00371166
          0           0           0           1
v_world_imu: -0.00155504 -0.00452739  0.00214834
frame_24
id: 968
stamp: 1777101575.662281275
T_odom_lidar: 
    0.95642   -0.266786   -0.118688     1.62882
   0.268212    0.963351 -0.00408156   -0.200257
   0.115427  -0.0279298    0.992923  0.00376756
          0           0           0           1
T_world_lidar: 
    0.95642   -0.266786   -0.118688     1.62882
   0.268212    0.963351 -0.00408156   -0.200257
   0.115427  -0.0279298    0.992923  0.00376756
          0           0           0           1
v_world_imu:   0.00229247   0.00687726 -3.01369e-05
frame_25
id: 969
stamp: 1777101575.762304783
T_odom_lidar: 
   0.956395   -0.266812   -0.118823     1.62882
   0.268249    0.963341 -0.00403369   -0.200193
   0.115543  -0.0280163    0.992907   0.0038838
          0           0           0           1
T_world_lidar: 
   0.956395   -0.266812   -0.118823     1.62882
   0.268249    0.963341 -0.00403369   -0.200193
   0.115543  -0.0280163    0.992907   0.0038838
          0           0           0           1
v_world_imu:  0.00112884 -0.00632154  0.00277156
frame_26
id: 970
stamp: 1777101575.862257242
T_odom_lidar: 
  0.956502  -0.266424  -0.118837    1.62906
  0.267843   0.963453 -0.0041611  -0.200512
  0.115602 -0.0278495   0.992905 0.00404809
         0          0          0          1
T_world_lidar: 
  0.956502  -0.266424  -0.118837    1.62906
  0.267843   0.963453 -0.0041611  -0.200512
  0.115602 -0.0278495   0.992905 0.00404809
         0          0          0          1
v_world_imu: 0.000830459  0.00359705   0.0010814
frame_27
id: 971
stamp: 1777101575.962301493
T_odom_lidar: 
  0.956345  -0.266978  -0.118856    1.62923
  0.268412   0.963295 -0.0040701  -0.200082
   0.11558   -0.02801   0.992903 0.00408475
         0          0          0          1
T_world_lidar: 
  0.956345  -0.266978  -0.118856    1.62923
  0.268412   0.963295 -0.0040701  -0.200082
   0.11558   -0.02801   0.992903 0.00408475
         0          0          0          1
v_world_imu:   0.00355845 -0.000530239   0.00147291
frame_28
id: 972
stamp: 1777101576.062265158
T_odom_lidar: 
   0.956451   -0.266505   -0.119068      1.6294
   0.267915    0.963433 -0.00429572   -0.200481
   0.115859  -0.0277915    0.992877  0.00429451
          0           0           0           1
T_world_lidar: 
   0.956451   -0.266505   -0.119068      1.6294
   0.267915    0.963433 -0.00429572   -0.200481
   0.115859  -0.0277915    0.992877  0.00429451
          0           0           0           1
v_world_imu: -0.000198632  -0.00266414   0.00245291
frame_29
id: 973
stamp: 1777101576.162115335
T_odom_lidar: 
    0.95626   -0.266833   -0.119862     1.63098
   0.268275    0.963333 -0.00424835   -0.200155
     0.1166  -0.0280933    0.992782  0.00462461
          0           0           0           1
T_world_lidar: 
    0.95626   -0.266833   -0.119862     1.63098
   0.268275    0.963333 -0.00424835   -0.200155
     0.1166  -0.0280933    0.992782  0.00462461
          0           0           0           1
v_world_imu:  0.0535957  0.0094233 0.00540244
frame_30
id: 974
stamp: 1777101576.262069702
T_odom_lidar: 
   0.95646  -0.266583   -0.11882    1.64155
  0.267868   0.963441 -0.0053225  -0.198578
  0.115895 -0.0267373   0.992902  0.0051556
         0          0          0          1
T_world_lidar: 
   0.95646  -0.266583   -0.11882    1.64155
  0.267868   0.963441 -0.0053225  -0.198578
  0.115895 -0.0267373   0.992902  0.0051556
         0          0          0          1
v_world_imu:   0.131428  0.0247808 0.00376308
frame_31
id: 975
stamp: 1777101576.362680435
T_odom_lidar: 
   0.95582  -0.268583  -0.119463     1.6495
   0.26988   0.962878 -0.0054833  -0.196178
  0.116501 -0.0269997   0.992823 0.00563448
         0          0          0          1
T_world_lidar: 
   0.95582  -0.268583  -0.119463     1.6495
   0.26988   0.962878 -0.0054833  -0.196178
  0.116501 -0.0269997   0.992823 0.00563448
         0          0          0          1
v_world_imu: 0.0657024 0.0179444 0.0102141
frame_32
id: 976
stamp: 1777101576.462397575
T_odom_lidar: 
   0.956369   -0.267079   -0.118435      1.6612
   0.268142    0.963353 -0.00716787   -0.195479
   0.116009  -0.0249023    0.992936  0.00629455
          0           0           0           1
T_world_lidar: 
   0.956369   -0.267079   -0.118435      1.6612
   0.268142    0.963353 -0.00716787   -0.195479
   0.116009  -0.0249023    0.992936  0.00629455
          0           0           0           1
v_world_imu:   0.114491  0.0163394 0.00364646
frame_33
id: 977
stamp: 1777101576.563078403
T_odom_lidar: 
   0.955333   -0.270105   -0.119929     1.66752
   0.271253    0.962483 -0.00695938   -0.192992
   0.117309  -0.0258825    0.992758  0.00665171
          0           0           0           1
T_world_lidar: 
   0.955333   -0.270105   -0.119929     1.66752
   0.271253    0.962483 -0.00695938   -0.192992
   0.117309  -0.0258825    0.992758  0.00665171
          0           0           0           1
v_world_imu: 0.0568805 0.0262785 0.0057619
frame_34
id: 978
stamp: 1777101576.662309647
T_odom_lidar: 
   0.954804   -0.271929   -0.120016     1.68081
   0.272993    0.961984 -0.00780445   -0.190739
   0.117576  -0.0253119    0.992741  0.00724218
          0           0           0           1
T_world_lidar: 
   0.954804   -0.271929   -0.120016     1.68081
   0.272993    0.961984 -0.00780445   -0.190739
   0.117576  -0.0253119    0.992741  0.00724218
          0           0           0           1
v_world_imu:   0.200263  0.0259775 0.00538578
frame_35
id: 979
stamp: 1777101576.762141705
T_odom_lidar: 
    0.95531    -0.27087   -0.118374     1.69641
   0.271731     0.96233 -0.00911734   -0.187832
   0.116385  -0.0234562    0.992927  0.00760505
          0           0           0           1
T_world_lidar: 
    0.95531    -0.27087   -0.118374     1.69641
   0.271731     0.96233 -0.00911734   -0.187832
   0.116385  -0.0234562    0.992927  0.00760505
          0           0           0           1
v_world_imu:  0.0709236  0.0403533 0.00329368
frame_36
id: 980
stamp: 1777101576.862242937
T_odom_lidar: 
   0.953914   -0.275093   -0.119881      1.7067
   0.276021    0.961108 -0.00912626   -0.185008
   0.117729  -0.0243839    0.992746  0.00788706
          0           0           0           1
T_world_lidar: 
   0.953914   -0.275093   -0.119881      1.7067
   0.276021    0.961108 -0.00912626   -0.185008
   0.117729  -0.0243839    0.992746  0.00788706
          0           0           0           1
v_world_imu:  0.144289 0.0213159 0.0037587
frame_37
id: 981
stamp: 1777101576.962189913
T_odom_lidar: 
  0.955072  -0.271837  -0.118074    1.72119
  0.272495   0.962096 -0.0108421  -0.183247
  0.116546 -0.0218196   0.992946 0.00828738
         0          0          0          1
T_world_lidar: 
  0.955072  -0.271837  -0.118074    1.72119
  0.272495   0.962096 -0.0108421  -0.183247
  0.116546 -0.0218196   0.992946 0.00828738
         0          0          0          1
v_world_imu:   0.103887  0.0209579 0.00250315
frame_38
id: 982
stamp: 1777101577.062196732
T_odom_lidar: 
   0.954162     -0.2744   -0.119493     1.72595
   0.275227    0.961329 -0.00985393   -0.181221
   0.117576  -0.0234855    0.992786  0.00824907
          0           0           0           1
T_world_lidar: 
   0.954162     -0.2744   -0.119493     1.72595
   0.275227    0.961329 -0.00985393   -0.181221
   0.117576  -0.0234855    0.992786  0.00824907
          0           0           0           1
v_world_imu:   0.0367473   0.0114015 0.000223717
frame_39
id: 983
stamp: 1777101577.162198305
T_odom_lidar: 
   0.953762   -0.275735   -0.119619     1.73135
   0.276569    0.960943 -0.00991038   -0.179777
    0.11768  -0.0236308     0.99277  0.00824014
          0           0           0           1
T_world_lidar: 
   0.953762   -0.275735   -0.119619     1.73135
   0.276569    0.960943 -0.00991038   -0.179777
    0.11768  -0.0236308     0.99277  0.00824014
          0           0           0           1
v_world_imu:  0.0744688  0.0118147 0.00170715
frame_40
id: 984
stamp: 1777101577.262122631
T_odom_lidar: 
  0.954353  -0.274022  -0.118834    1.73727
   0.27473   0.961462 -0.0107031  -0.178887
  0.117187 -0.0224328   0.992856 0.00829253
         0          0          0          1
T_world_lidar: 
  0.954353  -0.274022  -0.118834    1.73727
   0.27473   0.961462 -0.0107031  -0.178887
  0.117187 -0.0224328   0.992856 0.00829253
         0          0          0          1
v_world_imu:   0.0312672  0.00673699 0.000768518
frame_41
id: 985
stamp: 1777101577.362174511
T_odom_lidar: 
  0.953663  -0.276044  -0.119692    1.73776
  0.276866   0.960856 -0.0100465  -0.178132
   0.11778 -0.0235575    0.99276 0.00817402
         0          0          0          1
T_world_lidar: 
  0.953663  -0.276044  -0.119692    1.73776
  0.276866   0.960856 -0.0100465  -0.178132
   0.11778 -0.0235575    0.99276 0.00817402
         0          0          0          1
v_world_imu: 0.000508252  0.00503906 2.72444e-05
frame_42
id: 986
stamp: 1777101577.462182999
T_odom_lidar: 
  0.953748  -0.275974  -0.119176    1.73904
  0.276766   0.960883 -0.0101794  -0.177451
  0.117323 -0.0232753   0.992821 0.00802453
         0          0          0          1
T_world_lidar: 
  0.953748  -0.275974  -0.119176    1.73904
  0.276766   0.960883 -0.0101794  -0.177451
  0.117323 -0.0232753   0.992821 0.00802453
         0          0          0          1
v_world_imu:  0.0037384 0.00168692 4.2054e-05
frame_43
id: 987
stamp: 1777101577.563162327
T_odom_lidar: 
  0.953162  -0.277602  -0.120081    1.74204
  0.278439   0.960401  -0.010091   -0.17657
  0.118127 -0.0238168   0.992713 0.00790356
         0          0          0          1
T_world_lidar: 
  0.953162  -0.277602  -0.120081    1.74204
  0.278439   0.960401  -0.010091   -0.17657
  0.118127 -0.0238168   0.992713 0.00790356
         0          0          0          1
v_world_imu:    0.0690364   0.00483154 -0.000870461
frame_44
id: 988
stamp: 1777101577.662180185
T_odom_lidar: 
  0.953788  -0.275941  -0.118933    1.74763
  0.276647    0.96091 -0.0108592  -0.175326
  0.117281 -0.0225453   0.992843 0.00771419
         0          0          0          1
T_world_lidar: 
  0.953788  -0.275941  -0.118933    1.74763
  0.276647    0.96091 -0.0108592  -0.175326
  0.117281 -0.0225453   0.992843 0.00771419
         0          0          0          1
v_world_imu:    0.0181474    0.0102662 -0.000583471
frame_45
id: 989
stamp: 1777101577.762109756
T_odom_lidar: 
   0.95298  -0.278243  -0.120039    1.74756
  0.279083   0.960214 -0.0100987  -0.174825
  0.118073  -0.023877   0.992718 0.00741213
         0          0          0          1
T_world_lidar: 
   0.95298  -0.278243  -0.120039    1.74756
  0.279083   0.960214 -0.0100987  -0.174825
  0.118073  -0.023877   0.992718 0.00741213
         0          0          0          1
v_world_imu: -0.000624612  -0.00314208   0.00342922
frame_46
id: 990
stamp: 1777101577.862060547
T_odom_lidar: 
  0.953302  -0.277368  -0.119507    1.74927
   0.27814   0.960483 -0.0105035  -0.174805
  0.117698 -0.0232267   0.992778 0.00755335
         0          0          0          1
T_world_lidar: 
  0.953302  -0.277368  -0.119507    1.74927
   0.27814   0.960483 -0.0105035  -0.174805
  0.117698 -0.0232267   0.992778 0.00755335
         0          0          0          1
v_world_imu:   0.0161509 -0.00187889  0.00397836
frame_47
id: 991
stamp: 1777101577.962119341
T_odom_lidar: 
  0.953347  -0.277102  -0.119768    1.74901
   0.27787   0.960561 -0.0105741  -0.174911
  0.117974  -0.023199   0.992746 0.00706187
         0          0          0          1
T_world_lidar: 
  0.953347  -0.277102  -0.119768    1.74901
   0.27787   0.960561 -0.0105741  -0.174911
  0.117974  -0.023199   0.992746 0.00706187
         0          0          0          1
v_world_imu:    -0.014173 -0.000789894    0.0029512
frame_48
id: 992
stamp: 1777101578.062237978
T_odom_lidar: 
  0.953061  -0.278073  -0.119789    1.74861
   0.27888   0.960271 -0.0103186  -0.174626
  0.117899 -0.0235725   0.992746 0.00727682
         0          0          0          1
T_world_lidar: 
  0.953061  -0.278073  -0.119789    1.74861
   0.27888   0.960271 -0.0103186  -0.174626
  0.117899 -0.0235725   0.992746 0.00727682
         0          0          0          1
v_world_imu: 0.00433752 0.00879126   0.002161
frame_49
id: 993
stamp: 1777101578.162217617
T_odom_lidar: 
  0.952471  -0.279621  -0.120876    1.75313
  0.280485   0.959805 -0.0101519  -0.173173
  0.118856 -0.0242345   0.992616 0.00554092
         0          0          0          1
T_world_lidar: 
  0.952471  -0.279621  -0.120876    1.75313
  0.280485   0.959805 -0.0101519  -0.173173
  0.118856 -0.0242345   0.992616 0.00554092
         0          0          0          1
v_world_imu:  0.101171 0.0165014 0.0014696
frame_50
id: 994
stamp: 1777101578.262140512
T_odom_lidar: 
  0.952718  -0.279222  -0.119845    1.76698
  0.279946   0.959952 -0.0110937    -0.1703
  0.118143 -0.0229811   0.992731 0.00564284
         0          0          0          1
T_world_lidar: 
  0.952718  -0.279222  -0.119845    1.76698
  0.279946   0.959952 -0.0110937    -0.1703
  0.118143 -0.0229811   0.992731 0.00564284
         0          0          0          1
v_world_imu:     0.147684    0.0330815 -0.000541032
frame_51
id: 995
stamp: 1777101578.362180471
T_odom_lidar: 
  0.952403  -0.280389  -0.119627    1.77825
  0.281056   0.959621 -0.0116048  -0.167526
  0.118051 -0.0225696   0.992751 0.00571977
         0          0          0          1
T_world_lidar: 
  0.952403  -0.280389  -0.119627    1.77825
  0.281056   0.959621 -0.0116048  -0.167526
  0.118051 -0.0225696   0.992751 0.00571977
         0          0          0          1
v_world_imu:    0.0882613    0.0182122 -2.82671e-05
frame_52
id: 996
stamp: 1777101578.462177992
T_odom_lidar: 
  0.952129  -0.281102   -0.12013    1.78475
  0.281769    0.95941 -0.0117571  -0.166167
  0.118559 -0.0226547   0.992689 0.00582683
         0          0          0          1
T_world_lidar: 
  0.952129  -0.281102   -0.12013    1.78475
  0.281769    0.95941 -0.0117571  -0.166167
  0.118559 -0.0226547   0.992689 0.00582683
         0          0          0          1
v_world_imu:   0.0609783  0.00953419 0.000305859
frame_53
id: 997
stamp: 1777101578.562961578
T_odom_lidar: 
   0.95217  -0.281145  -0.119707       1.79
  0.281734   0.959413 -0.0123259  -0.165115
  0.118314 -0.0219891   0.992733 0.00581846
         0          0          0          1
T_world_lidar: 
   0.95217  -0.281145  -0.119707       1.79
  0.281734   0.959413 -0.0123259  -0.165115
  0.118314 -0.0219891   0.992733 0.00581846
         0          0          0          1
v_world_imu:     0.03222  0.00916078 0.000723398
frame_54
id: 998
stamp: 1777101578.662247896
T_odom_lidar: 
  0.951955  -0.281813  -0.119848    1.79071
  0.282427   0.959211 -0.0121887  -0.164741
  0.118395 -0.0222453   0.992717 0.00577727
         0          0          0          1
T_world_lidar: 
  0.951955  -0.281813  -0.119848    1.79071
  0.282427   0.959211 -0.0121887  -0.164741
  0.118395 -0.0222453   0.992717 0.00577727
         0          0          0          1
v_world_imu: -0.00788804 -0.00270144 0.000715131
frame_55
id: 999
stamp: 1777101578.762240887
T_odom_lidar: 
  0.951937  -0.281684   -0.12029    1.79016
  0.282314   0.959245 -0.0121249   -0.16505
  0.118803 -0.0224174   0.992665 0.00581459
         0          0          0          1
T_world_lidar: 
  0.951937  -0.281684   -0.12029    1.79016
  0.282314   0.959245 -0.0121249   -0.16505
  0.118803 -0.0224174   0.992665 0.00581459
         0          0          0          1
v_world_imu: 0.00767142 0.00181554 0.00036053
frame_56
id: 1000
stamp: 1777101578.862128258
T_odom_lidar: 
  0.951975   -0.28175  -0.119834     1.7906
  0.282359   0.959231 -0.0122258   -0.16475
  0.118393 -0.0221975   0.992719 0.00576336
         0          0          0          1
T_world_lidar: 
  0.951975   -0.28175  -0.119834     1.7906
  0.282359   0.959231 -0.0122258   -0.16475
  0.118393 -0.0221975   0.992719 0.00576336
         0          0          0          1
v_world_imu: -0.00516083  0.00364024 0.000405746
frame_57
id: 1001
stamp: 1777101578.962421894
T_odom_lidar: 
  0.951909  -0.281835  -0.120159    1.79032
   0.28245   0.959204 -0.0122344  -0.164917
  0.118705 -0.0222929   0.992679 0.00575713
         0          0          0          1
T_world_lidar: 
  0.951909  -0.281835  -0.120159    1.79032
   0.28245   0.959204 -0.0122344  -0.164917
  0.118705 -0.0222929   0.992679 0.00575713
         0          0          0          1
v_world_imu:  0.00239279 -0.00344891  0.00110193
frame_58
id: 1002
stamp: 1777101579.062246561
T_odom_lidar: 
  0.952005   -0.28161  -0.119929    1.79059
  0.282203   0.959275  -0.012357  -0.164972
  0.118524 -0.0220803   0.992706 0.00569383
         0          0          0          1
T_world_lidar: 
  0.952005   -0.28161  -0.119929    1.79059
  0.282203   0.959275  -0.012357  -0.164972
  0.118524 -0.0220803   0.992706 0.00569383
         0          0          0          1
v_world_imu:  -0.00123369   0.00441149 -0.000821972
frame_59
id: 1003
stamp: 1777101579.162228107
T_odom_lidar: 
  0.951923  -0.281856  -0.119997    1.79044
  0.282473   0.959198 -0.0121914  -0.164841
  0.118537 -0.0222905   0.992699 0.00561838
         0          0          0          1
T_world_lidar: 
  0.951923  -0.281856  -0.119997    1.79044
  0.282473   0.959198 -0.0121914  -0.164841
  0.118537 -0.0222905   0.992699 0.00561838
         0          0          0          1
v_world_imu:   0.00156434 -0.000812374 -0.000346543
frame_60
id: 1004
stamp: 1777101579.262314796
T_odom_lidar: 
  0.952034  -0.281506  -0.119936    1.79063
  0.282111   0.959303 -0.0122639  -0.165111
  0.118507 -0.0221595   0.992706 0.00557192
         0          0          0          1
T_world_lidar: 
  0.952034  -0.281506  -0.119936    1.79063
  0.282111   0.959303 -0.0122639  -0.165111
  0.118507 -0.0221595   0.992706 0.00557192
         0          0          0          1
v_world_imu:  -0.00060745 -0.000325336 -0.000513599
frame_61
id: 1005
stamp: 1777101579.362260342
T_odom_lidar: 
  0.951939  -0.281797  -0.120009    1.79056
  0.282417   0.959215 -0.0121655  -0.164968
  0.118543 -0.0223118   0.992698 0.00546457
         0          0          0          1
T_world_lidar: 
  0.951939  -0.281797  -0.120009    1.79056
  0.282417   0.959215 -0.0121655  -0.164968
  0.118543 -0.0223118   0.992698 0.00546457
         0          0          0          1
v_world_imu: 0.000651345  0.00244175 -0.00108682
frame_62
id: 1006
stamp: 1777101579.462230444
T_odom_lidar: 
  0.952007  -0.281616  -0.119899    1.79065
  0.282227    0.95927 -0.0122067    -0.1651
  0.118454  -0.022218   0.992711 0.00538828
         0          0          0          1
T_world_lidar: 
  0.952007  -0.281616  -0.119899    1.79065
  0.282227    0.95927 -0.0122067    -0.1651
  0.118454  -0.022218   0.992711 0.00538828
         0          0          0          1
v_world_imu:  0.000286663  -0.00241362 -0.000992836
frame_63
id: 1007
stamp: 1777101579.563125134
T_odom_lidar: 
  0.951998  -0.281593  -0.120019    1.79063
    0.2822   0.959277  -0.012265   -0.16523
  0.118585 -0.0221931   0.992696 0.00530298
         0          0          0          1
T_world_lidar: 
  0.951998  -0.281593  -0.120019    1.79063
    0.2822   0.959277  -0.012265   -0.16523
  0.118585 -0.0221931   0.992696 0.00530298
         0          0          0          1
v_world_imu: 0.000638318  0.00135282 -0.00150609
frame_64
id: 1008
stamp: 1777101579.662321329
T_odom_lidar: 
  0.951961  -0.281741  -0.119965     1.7907
  0.282358   0.959232 -0.0121785   -0.16519
  0.118505 -0.0222796   0.992703 0.00520384
         0          0          0          1
T_world_lidar: 
  0.951961  -0.281741  -0.119965     1.7907
  0.282358   0.959232 -0.0121785   -0.16519
  0.118505 -0.0222796   0.992703 0.00520384
         0          0          0          1
v_world_imu:  0.000219186 -0.000962282  -0.00104992
frame_65
id: 1009
stamp: 1777101579.762416601
T_odom_lidar: 
  0.952033   -0.28147  -0.120034    1.79071
  0.282077   0.959313 -0.0122579  -0.165446
    0.1186 -0.0221889   0.992694 0.00514835
         0          0          0          1
T_world_lidar: 
  0.952033   -0.28147  -0.120034    1.79071
  0.282077   0.959313 -0.0122579  -0.165446
    0.1186 -0.0221889   0.992694 0.00514835
         0          0          0          1
v_world_imu: 0.000513215 -0.00124391 -0.00114248
frame_66
id: 1010
stamp: 1777101579.862353325
T_odom_lidar: 
  0.951996  -0.281559  -0.120113    1.79079
  0.282163   0.959288 -0.0123052  -0.165438
  0.118688  -0.022177   0.992684 0.00505103
         0          0          0          1
T_world_lidar: 
  0.951996  -0.281559  -0.120113    1.79079
  0.282163   0.959288 -0.0123052  -0.165438
  0.118688  -0.022177   0.992684 0.00505103
         0          0          0          1
v_world_imu: 0.000721128  0.00113459 -0.00116985
frame_67
id: 1011
stamp: 1777101579.962409019
T_odom_lidar: 
  0.951996  -0.281526  -0.120195     1.7908
   0.28212   0.959299 -0.0124014   -0.16558
  0.118794 -0.0221033   0.992673 0.00501628
         0          0          0          1
T_world_lidar: 
  0.951996  -0.281526  -0.120195     1.7908
   0.28212   0.959299 -0.0124014   -0.16558
  0.118794 -0.0221033   0.992673 0.00501628
         0          0          0          1
v_world_imu:  0.000179897  -0.00276337 -0.000582398
frame_68
id: 1012
stamp: 1777101580.062414408
T_odom_lidar: 
  0.951956   -0.28125  -0.121155    1.79194
  0.281846   0.959378 -0.0125492  -0.165649
  0.119763 -0.0222008   0.992554 0.00506564
         0          0          0          1
T_world_lidar: 
  0.951956   -0.28125  -0.121155    1.79194
  0.281846   0.959378 -0.0125492  -0.165649
  0.119763 -0.0222008   0.992554 0.00506564
         0          0          0          1
v_world_imu:    0.050485  0.00120608 4.35651e-05
frame_69
id: 1013
stamp: 1777101580.162330627
T_odom_lidar: 
  0.953305  -0.276869  -0.120637    1.79777
  0.277195   0.960706 -0.0144131  -0.166404
  0.119887 -0.0196998   0.992592 0.00541111
         0          0          0          1
T_world_lidar: 
  0.953305  -0.276869  -0.120637    1.79777
  0.277195   0.960706 -0.0144131  -0.166404
  0.119887 -0.0196998   0.992592 0.00541111
         0          0          0          1
v_world_imu:   0.059445 0.00399592 0.00466314
frame_70
id: 1014
stamp: 1777101580.262273312
T_odom_lidar: 
  0.953797  -0.275922  -0.118902    1.80231
  0.276198   0.960992  -0.014481  -0.165464
   0.11826 -0.0190287     0.9928 0.00532113
         0          0          0          1
T_world_lidar: 
  0.953797  -0.275922  -0.118902    1.80231
  0.276198   0.960992  -0.014481  -0.165464
   0.11826 -0.0190287     0.9928 0.00532113
         0          0          0          1
v_world_imu:   0.0256569   0.0204227 -0.00222164
frame_71
id: 1015
stamp: 1777101580.362435102
T_odom_lidar: 
  0.953832  -0.275683  -0.119178    1.80327
  0.276025   0.961049 -0.0139577  -0.164638
  0.118384 -0.0195829   0.992775 0.00528282
         0          0          0          1
T_world_lidar: 
  0.953832  -0.275683  -0.119178    1.80327
  0.276025   0.961049 -0.0139577  -0.164638
  0.118384 -0.0195829   0.992775 0.00528282
         0          0          0          1
v_world_imu: -0.0021077  0.0434774 -0.0063082
frame_72
id: 1016
stamp: 1777101580.462447643
T_odom_lidar: 
  0.953446  -0.277109  -0.118959    1.80394
  0.277564   0.960618 -0.0130569  -0.162564
  0.117893 -0.0205698   0.992813 0.00501819
         0          0          0          1
T_world_lidar: 
  0.953446  -0.277109  -0.118959    1.80394
  0.277564   0.960618 -0.0130569  -0.162564
  0.117893 -0.0205698   0.992813 0.00501819
         0          0          0          1
v_world_imu:    0.030765  0.00256879 -0.00218833
frame_73
id: 1017
stamp: 1777101580.563392401
T_odom_lidar: 
  0.953947  -0.275211   -0.11935    1.80424
  0.275639    0.96117 -0.0132383  -0.163907
  0.118359 -0.0202687   0.992764 0.00521684
         0          0          0          1
T_world_lidar: 
  0.953947  -0.275211   -0.11935    1.80424
  0.275639    0.96117 -0.0132383  -0.163907
  0.118359 -0.0202687   0.992764 0.00521684
         0          0          0          1
v_world_imu: -0.0267629 -0.0146125 0.00443579
frame_74
id: 1018
stamp: 1777101580.662391663
T_odom_lidar: 
  0.953646  -0.276144  -0.119596    1.80332
  0.276634    0.96089 -0.0128174  -0.163523
  0.118458  -0.020861    0.99274 0.00527113
         0          0          0          1
T_world_lidar: 
  0.953646  -0.276144  -0.119596    1.80332
  0.276634    0.96089 -0.0128174  -0.163523
  0.118458  -0.020861    0.99274 0.00527113
         0          0          0          1
v_world_imu:  0.0123039  0.0101361 -0.0010432
frame_75
id: 1019
stamp: 1777101580.762407780
T_odom_lidar: 
  0.954083  -0.274911  -0.118952    1.80346
  0.275306   0.961263 -0.0134243  -0.163508
  0.118035 -0.0199404   0.992809 0.00547316
         0          0          0          1
T_world_lidar: 
  0.954083  -0.274911  -0.118952    1.80346
  0.275306   0.961263 -0.0134243  -0.163508
  0.118035 -0.0199404   0.992809 0.00547316
         0          0          0          1
v_world_imu: -0.0126122 -0.0267748 0.00633542
frame_76
id: 1020
stamp: 1777101580.862379313
T_odom_lidar: 
  0.957119  -0.263982   -0.11932    1.80126
  0.264041   0.964385 -0.0156001  -0.168146
  0.119189 -0.0165743   0.992733 0.00634385
         0          0          0          1
T_world_lidar: 
  0.957119  -0.263982   -0.11932    1.80126
  0.264041   0.964385 -0.0156001  -0.168146
  0.119189 -0.0165743   0.992733 0.00634385
         0          0          0          1
v_world_imu:   -0.04952 -0.0711281   0.015472
frame_77
id: 1021
stamp: 1777101580.962451220
T_odom_lidar: 
  0.961253  -0.249458  -0.117316    1.80196
  0.248961   0.968325 -0.0191079  -0.173092
  0.118367 -0.0108397   0.992911 0.00779373
         0          0          0          1
T_world_lidar: 
  0.961253  -0.249458  -0.117316    1.80196
  0.248961   0.968325 -0.0191079  -0.173092
  0.118367 -0.0108397   0.992911 0.00779373
         0          0          0          1
v_world_imu: -0.0268748 -0.0323254  0.0132866
frame_78
id: 1022
stamp: 1777101581.062400103
T_odom_lidar: 
  0.965487  -0.231835  -0.118692    1.79602
  0.231711   0.972668 -0.0150331  -0.176366
  0.118933 -0.0129879   0.992817 0.00848026
         0          0          0          1
T_world_lidar: 
  0.965487  -0.231835  -0.118692    1.79602
  0.231711   0.972668 -0.0150331  -0.176366
  0.118933 -0.0129879   0.992817 0.00848026
         0          0          0          1
v_world_imu: -0.0449437 -0.0218015 0.00898468
frame_79
id: 1023
stamp: 1777101581.162439585
T_odom_lidar: 
   0.970809   -0.208063   -0.119331       1.793
   0.208413    0.977993 -0.00968273   -0.180009
    0.11872    -0.01547    0.992807  0.00909645
          0           0           0           1
T_world_lidar: 
   0.970809   -0.208063   -0.119331       1.793
   0.208413    0.977993 -0.00968273   -0.180009
    0.11872    -0.01547    0.992807  0.00909645
          0           0           0           1
v_world_imu: -0.0056692 -0.0547508  0.0101301
frame_80
id: 1024
stamp: 1777101581.262342691
T_odom_lidar: 
  0.976657  -0.178489  -0.119508    1.79463
