id: 7
T_world_origin: 
  -0.203041    0.978653   0.0318277     1.81651
  -0.972399   -0.205346    0.110788    0.426832
   0.114958 -0.00845483    0.993334   0.0111417
          0           0           0           1
T_origin_endpoint_L: 
  0.766164  -0.642418   0.017064   0.864052
  0.641679   0.763287 -0.0751108  0.0667794
 0.0352278  0.0684968   0.997029 -0.0899583
         0          0          0          1
T_origin_endpoint_R: 
   0.960939   -0.276756 -0.00147886   -0.319332
   0.276612    0.960587  -0.0275405  0.00671624
 0.00904257   0.0260556     0.99962   0.0324511
          0           0           0           1
T_lidar_imu: 
     1      0      0  0.006
     0      1      0 -0.012
     0      0      1  0.008
     0      0      0      1
imu_bias: -0.000135944 -0.000721569  -0.00545996 -0.000255845  -0.00057839   0.00175269
frame_id: 2
num_frames: 185
frame_0
id: 1061
stamp: 1777101584.962754011
T_odom_lidar: 
  0.473539    0.87961 -0.0452389    1.71164
  -0.87288   0.475537   0.109289  -0.426981
  0.117645 -0.0122646    0.99298  0.0117516
         0          0          0          1
T_world_lidar: 
  0.473539    0.87961 -0.0452389    1.71164
  -0.87288   0.475537   0.109289  -0.426981
  0.117645 -0.0122646    0.99298  0.0117516
         0          0          0          1
v_world_imu: -0.0522526 -0.0248398 0.00481309
frame_1
id: 1062
stamp: 1777101585.062690258
T_odom_lidar: 
  0.444058   0.895026 -0.0417241    1.70567
 -0.888257   0.445852   0.110529  -0.430759
  0.117529 -0.0120195   0.992997   0.011904
         0          0          0          1
T_world_lidar: 
  0.444058   0.895026 -0.0417241    1.70567
 -0.888257   0.445852   0.110529  -0.430759
  0.117529 -0.0120195   0.992997   0.011904
         0          0          0          1
v_world_imu:  -0.0626381  -0.0231813 -0.00434144
frame_2
id: 1063
stamp: 1777101585.162955999
T_odom_lidar: 
  0.414915   0.909057 -0.0382232    1.69962
 -0.902281   0.416506   0.111409  -0.434491
  0.117198 -0.0117374   0.993039  0.0106741
         0          0          0          1
T_world_lidar: 
  0.414915   0.909057 -0.0382232    1.69962
 -0.902281   0.416506   0.111409  -0.434491
  0.117198 -0.0117374   0.993039  0.0106741
         0          0          0          1
v_world_imu: -0.0633036 -0.0477535  0.0011696
frame_3
id: 1064
stamp: 1777101585.262745619
T_odom_lidar: 
  0.384016   0.922671 -0.0347706     1.6928
 -0.915808   0.385415   0.112918     -0.438
  0.117587 -0.0115192   0.992996  0.0104319
         0          0          0          1
T_world_lidar: 
  0.384016   0.922671 -0.0347706     1.6928
 -0.915808   0.385415   0.112918     -0.438
  0.117587 -0.0115192   0.992996  0.0104319
         0          0          0          1
v_world_imu:  -0.0694702   -0.016841 -0.00160891
frame_4
id: 1065
stamp: 1777101585.362875223
T_odom_lidar: 
  0.348612   0.936777  -0.030295    1.68561
 -0.929975   0.349744   0.113249  -0.442281
  0.116685 -0.0113066   0.993105  0.0104294
         0          0          0          1
T_world_lidar: 
  0.348612   0.936777  -0.030295    1.68561
 -0.929975   0.349744   0.113249  -0.442281
  0.116685 -0.0113066   0.993105  0.0104294
         0          0          0          1
v_world_imu:   -0.0837372   -0.0425514 -0.000525823
frame_5
id: 1066
stamp: 1777101585.462776661
T_odom_lidar: 
   0.31103   0.950043 -0.0260321    1.67787
 -0.943154   0.311919   0.114748  -0.446357
  0.117136  -0.011138   0.993053   0.010146
         0          0          0          1
T_world_lidar: 
   0.31103   0.950043 -0.0260321    1.67787
 -0.943154   0.311919   0.114748  -0.446357
  0.117136  -0.011138   0.993053   0.010146
         0          0          0          1
v_world_imu: -0.0754594  -0.031585  0.0010394
frame_6
id: 1067
stamp: 1777101585.563501596
T_odom_lidar: 
  0.273501   0.961637 -0.0212589     1.6701
 -0.954838   0.274103   0.114678  -0.450215
  0.116106 -0.0110658   0.993175 0.00997165
         0          0          0          1
T_world_lidar: 
  0.273501   0.961637 -0.0212589     1.6701
 -0.954838   0.274103   0.114678  -0.450215
  0.116106 -0.0110658   0.993175 0.00997165
         0          0          0          1
v_world_imu:  -0.0847255  -0.0283095 -0.00475767
frame_7
id: 1068
stamp: 1777101585.662821770
T_odom_lidar: 
  0.237233   0.971294 -0.0175335    1.66205
 -0.964433   0.237647   0.115728  -0.453523
  0.116573 -0.0105447   0.993126 0.00962557
         0          0          0          1
T_world_lidar: 
  0.237233   0.971294 -0.0175335    1.66205
 -0.964433   0.237647   0.115728  -0.453523
  0.116573 -0.0105447   0.993126 0.00962557
         0          0          0          1
v_world_imu: -0.0628599 -0.0200617 0.00194535
frame_8
id: 1069
stamp: 1777101585.762743473
T_odom_lidar: 
   0.198718    0.979958  -0.0139333     1.65372
  -0.973209    0.198988    0.115186   -0.457277
    0.11565 -0.00932963    0.993246  0.00952099
          0           0           0           1
T_world_lidar: 
   0.198718    0.979958  -0.0139333     1.65372
  -0.973209    0.198988    0.115186   -0.457277
    0.11565 -0.00932963    0.993246  0.00952099
          0           0           0           1
v_world_imu:  -0.0915612  -0.0235273 -0.00823038
frame_9
id: 1070
stamp: 1777101585.862861395
T_odom_lidar: 
   0.164153    0.986384  -0.0100274     1.64695
  -0.979586    0.164201    0.115968   -0.459408
   0.116035 -0.00921381    0.993202  0.00906409
          0           0           0           1
T_world_lidar: 
   0.164153    0.986384  -0.0100274     1.64695
  -0.979586    0.164201    0.115968   -0.459408
   0.116035 -0.00921381    0.993202  0.00906409
          0           0           0           1
v_world_imu: -0.0635366  -0.033959 0.00129469
frame_10
id: 1071
stamp: 1777101585.962731600
T_odom_lidar: 
   0.131211     0.99133 -0.00690768     1.63963
    -0.9846    0.131126    0.115624   -0.462166
   0.115527 -0.00836986    0.993269   0.0088229
          0           0           0           1
T_world_lidar: 
   0.131211     0.99133 -0.00690768     1.63963
    -0.9846    0.131126    0.115624   -0.462166
   0.115527 -0.00836986    0.993269   0.0088229
          0           0           0           1
v_world_imu:  -0.0672371 -0.00986572 -0.00955949
frame_11
id: 1072
stamp: 1777101586.062747002
T_odom_lidar: 
   0.103477    0.994626 -0.00344249     1.63478
  -0.987896    0.103177    0.115828   -0.462588
    0.11556 -0.00858462    0.993263  0.00860497
          0           0           0           1
T_world_lidar: 
   0.103477    0.994626 -0.00344249     1.63478
  -0.987896    0.103177    0.115828   -0.462588
    0.11556 -0.00858462    0.993263  0.00860497
          0           0           0           1
v_world_imu:  -0.0376049 -0.00664404  0.00600269
frame_12
id: 1073
stamp: 1777101586.162916183
T_odom_lidar: 
  0.0732693    0.997312 0.000108857      1.6288
  -0.990579   0.0727619    0.116014   -0.463666
   0.115695 -0.00860812    0.993248  0.00865805
          0           0           0           1
T_world_lidar: 
  0.0732693    0.997312 0.000108857      1.6288
  -0.990579   0.0727619    0.116014   -0.463666
   0.115695 -0.00860812    0.993248  0.00865805
          0           0           0           1
v_world_imu:  -0.0738991 -0.00707876 -0.00082153
frame_13
id: 1074
stamp: 1777101586.262863159
T_odom_lidar: 
  0.0419643    0.999115  0.00286165     1.62114
  -0.992467   0.0413548    0.115322   -0.464858
   0.115101 -0.00767948    0.993324  0.00903372
          0           0           0           1
T_world_lidar: 
  0.0419643    0.999115  0.00286165     1.62114
  -0.992467   0.0413548    0.115322   -0.464858
   0.115101 -0.00767948    0.993324  0.00903372
          0           0           0           1
v_world_imu: -0.0642393 -0.0078947 0.00420857
frame_14
id: 1075
stamp: 1777101586.362805367
T_odom_lidar: 
 0.00744339    0.999941  0.00791832     1.61495
  -0.993276  0.00647846    0.115587    -0.46531
   0.115529 -0.00872544    0.993266  0.00910274
          0           0           0           1
T_world_lidar: 
 0.00744339    0.999941  0.00791832     1.61495
  -0.993276  0.00647846    0.115587    -0.46531
   0.115529 -0.00872544    0.993266  0.00910274
          0           0           0           1
v_world_imu:  -0.0696943  0.00247494 0.000981209
frame_15
id: 1076
stamp: 1777101586.462930918
T_odom_lidar: 
-0.0313101   0.999441  0.0117533    1.60588
 -0.992866 -0.0324534   0.114731  -0.466539
  0.115049 -0.0080772   0.993327 0.00949399
         0          0          0          1
T_world_lidar: 
-0.0313101   0.999441  0.0117533    1.60588
 -0.992866 -0.0324534   0.114731  -0.466539
  0.115049 -0.0080772   0.993327 0.00949399
         0          0          0          1
v_world_imu: -0.0980667 -0.0127403 0.00440399
frame_16
id: 1077
stamp: 1777101586.563657761
T_odom_lidar: 
 -0.0687338      0.9975   0.0164275     1.59792
  -0.990882   -0.070172    0.115016   -0.466985
   0.115881 -0.00837224    0.993228  0.00953984
          0           0           0           1
T_world_lidar: 
 -0.0687338      0.9975   0.0164275     1.59792
  -0.990882   -0.070172    0.115016   -0.466985
   0.115881 -0.00837224    0.993228  0.00953984
          0           0           0           1
v_world_imu: -0.0777393 0.00401736 0.00519016
frame_17
id: 1078
stamp: 1777101586.662925482
T_odom_lidar: 
   -0.10757    0.994012    0.019197     1.58781
  -0.987493   -0.109063    0.113854   -0.467837
   0.115266 -0.00670958    0.993312  0.00995062
          0           0           0           1
T_world_lidar: 
   -0.10757    0.994012    0.019197     1.58781
  -0.987493   -0.109063    0.113854   -0.467837
   0.115266 -0.00670958    0.993312  0.00995062
          0           0           0           1
v_world_imu:  -0.0997274   0.0163029 0.000234414
frame_18
id: 1079
stamp: 1777101586.762886763
T_odom_lidar: 
  -0.134325    0.990671   0.0229793     1.58124
  -0.984024   -0.136086    0.114793   -0.467655
   0.116849 -0.00719267    0.993124  0.00995936
          0           0           0           1
T_world_lidar: 
  -0.134325    0.990671   0.0229793     1.58124
  -0.984024   -0.136086    0.114793   -0.467655
   0.116849 -0.00719267    0.993124  0.00995936
          0           0           0           1
v_world_imu: -0.0577053 -0.0212259 0.00394763
frame_19
id: 1080
stamp: 1777101586.862787485
T_odom_lidar: 
  -0.150878    0.988275   0.0234156     1.57719
  -0.981741   -0.152572    0.113609   -0.466428
    0.11585 -0.00584687     0.99325  0.00974929
          0           0           0           1
T_world_lidar: 
  -0.150878    0.988275   0.0234156     1.57719
  -0.981741   -0.152572    0.113609   -0.466428
    0.11585 -0.00584687     0.99325  0.00974929
          0           0           0           1
v_world_imu:  0.0233871  0.0135823 -0.0116538
frame_20
id: 1081
stamp: 1777101586.962888956
T_odom_lidar: 
  -0.154364    0.987696   0.0250667       1.578
  -0.981219   -0.156223    0.113148    -0.46464
   0.115672 -0.00712993    0.993262  0.00936955
          0           0           0           1
T_world_lidar: 
  -0.154364    0.987696   0.0250667       1.578
  -0.981219   -0.156223    0.113148    -0.46464
   0.115672 -0.00712993    0.993262  0.00936955
          0           0           0           1
v_world_imu: 0.000466231   0.0236439 -0.00156346
frame_21
id: 1082
stamp: 1777101587.062767029
T_odom_lidar: 
  -0.152996    0.987907    0.025123     1.57788
  -0.981399   -0.154873    0.113448   -0.464415
   0.115967 -0.00729858    0.993226   0.0093894
          0           0           0           1
T_world_lidar: 
  -0.152996    0.987907    0.025123     1.57788
  -0.981399   -0.154873    0.113448   -0.464415
   0.115967 -0.00729858    0.993226   0.0093894
          0           0           0           1
v_world_imu:  0.00310593  -0.0258663 0.000168797
frame_22
id: 1083
stamp: 1777101587.162925959
T_odom_lidar: 
  -0.151034    0.988209   0.0251345     1.57937
  -0.981774   -0.152921    0.112852   -0.465664
   0.115365 -0.00763181    0.993294  0.00930359
          0           0           0           1
T_world_lidar: 
  -0.151034    0.988209   0.0251345     1.57937
  -0.981774   -0.152921    0.112852   -0.465664
   0.115365 -0.00763181    0.993294  0.00930359
          0           0           0           1
v_world_imu:    0.0177993     0.011392 -0.000547941
frame_23
id: 1084
stamp: 1777101587.262887955
T_odom_lidar: 
  -0.150523    0.988275   0.0256131     1.57948
  -0.981807   -0.152471    0.113169   -0.464732
   0.115747 -0.00811256    0.993246  0.00938724
          0           0           0           1
T_world_lidar: 
  -0.150523    0.988275   0.0256131     1.57948
  -0.981807   -0.152471    0.113169   -0.464732
   0.115747 -0.00811256    0.993246  0.00938724
          0           0           0           1
v_world_imu:  -0.0147389 -0.00462416  0.00111811
frame_24
id: 1085
stamp: 1777101587.362837791
T_odom_lidar: 
  -0.152822    0.987944   0.0247486      1.5785
  -0.981505   -0.154652    0.112826   -0.465633
   0.115293 -0.00704864    0.993306  0.00953495
          0           0           0           1
T_world_lidar: 
  -0.152822    0.987944   0.0247486      1.5785
  -0.981505   -0.154652    0.112826   -0.465633
   0.115293 -0.00704864    0.993306  0.00953495
          0           0           0           1
v_world_imu:   0.00870643   0.00742222 -0.000298709
frame_25
id: 1086
stamp: 1777101587.462899685
T_odom_lidar: 
  -0.150416    0.988286   0.0258153      1.5801
  -0.981833   -0.152387    0.113056   -0.463847
   0.115665 -0.00834098    0.993253  0.00954605
          0           0           0           1
T_world_lidar: 
  -0.150416    0.988286   0.0258153      1.5801
  -0.981833   -0.152387    0.113056   -0.463847
   0.115665 -0.00834098    0.993253  0.00954605
          0           0           0           1
v_world_imu:   -0.0102793     0.004521 -0.000285114
frame_26
id: 1087
stamp: 1777101587.563656807
T_odom_lidar: 
  -0.154234    0.987742   0.0240323     1.58014
  -0.981382   -0.155968    0.112089   -0.459284
   0.114463 -0.00629696    0.993408  0.00973352
          0           0           0           1
T_world_lidar: 
  -0.154234    0.987742   0.0240323     1.58014
  -0.981382   -0.155968    0.112089   -0.459284
   0.114463 -0.00629696    0.993408  0.00973352
          0           0           0           1
v_world_imu:  0.0308919   0.126945 0.00165383
frame_27
id: 1088
stamp: 1777101587.662989855
T_odom_lidar: 
 -0.152098   0.987964  0.0281762    1.58615
 -0.981299  -0.154352   0.115012   -0.43946
  0.117976 -0.0101563   0.992964 0.00996448
         0          0          0          1
T_world_lidar: 
 -0.152098   0.987964  0.0281762    1.58615
 -0.981299  -0.154352   0.115012   -0.43946
  0.117976 -0.0101563   0.992964 0.00996448
         0          0          0          1
v_world_imu:  0.0924447   0.196404 0.00165243
frame_28
id: 1089
stamp: 1777101587.762950182
T_odom_lidar: 
  -0.150968    0.988156   0.0274875     1.59136
  -0.981681   -0.153133    0.113373    -0.42614
   0.116239 -0.00986834    0.993172   0.0101458
          0           0           0           1
T_world_lidar: 
  -0.150968    0.988156   0.0274875     1.59136
  -0.981681   -0.153133    0.113373    -0.42614
   0.116239 -0.00986834    0.993172   0.0101458
          0           0           0           1
v_world_imu:  0.0618067   0.109531 0.00215918
frame_29
id: 1090
stamp: 1777101587.862910986
T_odom_lidar: 
  -0.160534    0.986696    0.025703     1.60076
  -0.980108   -0.162433    0.114037   -0.413587
   0.116695 -0.00688492    0.993144   0.0105976
          0           0           0           1
T_world_lidar: 
  -0.160534    0.986696    0.025703     1.60076
  -0.980108   -0.162433    0.114037   -0.413587
   0.116695 -0.00688492    0.993144   0.0105976
          0           0           0           1
v_world_imu:   0.144881   0.149097 0.00371015
frame_30
id: 1091
stamp: 1777101587.963060379
T_odom_lidar: 
 -0.158104   0.986976  0.0296757    1.62147
 -0.980393  -0.160487   0.114337  -0.398381
   0.11761 -0.0110168   0.992999  0.0105839
         0          0          0          1
T_world_lidar: 
 -0.158104   0.986976  0.0296757    1.62147
 -0.980393  -0.160487   0.114337  -0.398381
   0.11761 -0.0110168   0.992999  0.0105839
         0          0          0          1
v_world_imu:    0.250183    0.136779 -0.00555971
frame_31
id: 1092
stamp: 1777101588.062903643
T_odom_lidar: 
 -0.154019   0.987647  0.0288525     1.6415
 -0.981168  -0.156323    0.11346  -0.387982
  0.116569 -0.0108341   0.993124  0.0103525
         0          0          0          1
T_world_lidar: 
 -0.154019   0.987647  0.0288525     1.6415
 -0.981168  -0.156323    0.11346  -0.387982
  0.116569 -0.0108341   0.993124  0.0103525
         0          0          0          1
v_world_imu:     0.17371   0.0842311 0.000963963
frame_32
id: 1093
stamp: 1777101588.163058996
T_odom_lidar: 
 -0.160229   0.986737  0.0260295    1.65859
 -0.980244  -0.162162   0.113253    -0.3776
  0.115972 -0.0073689   0.993225  0.0106058
         0          0          0          1
T_world_lidar: 
 -0.160229   0.986737  0.0260295    1.65859
 -0.980244  -0.162162   0.113253    -0.3776
  0.115972 -0.0073689   0.993225  0.0106058
         0          0          0          1
v_world_imu:   0.193754   0.139883 0.00496281
frame_33
id: 1094
stamp: 1777101588.262924671
T_odom_lidar: 
 -0.155134   0.987457  0.0293676    1.68496
  -0.98095  -0.157494   0.113723  -0.361676
  0.116921 -0.0111659   0.993078   0.010527
         0          0          0          1
T_world_lidar: 
 -0.155134   0.987457  0.0293676    1.68496
  -0.98095  -0.157494   0.113723  -0.361676
  0.116921 -0.0111659   0.993078   0.010527
         0          0          0          1
v_world_imu:    0.275523    0.166891 -0.00292553
frame_34
id: 1095
stamp: 1777101588.363076448
T_odom_lidar: 
 -0.152061   0.987865  0.0316173    1.71248
 -0.981419  -0.154702   0.113505  -0.346719
  0.117019 -0.0137701   0.993034  0.0102635
         0          0          0          1
T_world_lidar: 
 -0.152061   0.987865  0.0316173    1.71248
 -0.981419  -0.154702   0.113505  -0.346719
  0.117019 -0.0137701   0.993034  0.0102635
         0          0          0          1
v_world_imu:    0.264929    0.140175 -0.00142231
frame_35
id: 1096
stamp: 1777101588.463032246
T_odom_lidar: 
 -0.154401   0.987525  0.0309032    1.73223
 -0.981106  -0.156938   0.113146  -0.334486
  0.116585 -0.0128494   0.993098  0.0103702
         0          0          0          1
T_world_lidar: 
 -0.154401   0.987525  0.0309032    1.73223
 -0.981106  -0.156938   0.113146  -0.334486
  0.116585 -0.0128494   0.993098  0.0103702
         0          0          0          1
v_world_imu:   0.143196   0.113373 0.00363744
frame_36
id: 1097
stamp: 1777101588.563704729
T_odom_lidar: 
 -0.157721   0.987063  0.0288162    1.74904
 -0.980558  -0.159998   0.113603  -0.323251
  0.116744 -0.0103383   0.993108  0.0107055
         0          0          0          1
T_world_lidar: 
 -0.157721   0.987063  0.0288162    1.74904
 -0.980558  -0.159998   0.113603  -0.323251
  0.116744 -0.0103383   0.993108  0.0107055
         0          0          0          1
v_world_imu:     0.178056     0.122518 -0.000310675
frame_37
id: 1098
stamp: 1777101588.662829399
T_odom_lidar: 
 -0.153856   0.987569  0.0321902    1.77167
 -0.981106  -0.156555    0.11367  -0.311089
  0.117297 -0.0140931   0.992997  0.0103325
         0          0          0          1
T_world_lidar: 
 -0.153856   0.987569  0.0321902    1.77167
 -0.981106  -0.156555    0.11367  -0.311089
  0.117297 -0.0140931   0.992997  0.0103325
         0          0          0          1
v_world_imu:   0.264565   0.134026 -0.0120219
frame_38
id: 1099
stamp: 1777101588.763009787
T_odom_lidar: 
 -0.154659   0.987388  0.0338323    1.78408
 -0.980789  -0.157566   0.115006  -0.302049
  0.118886 -0.0153956   0.992789  0.0106983
         0          0          0          1
T_world_lidar: 
 -0.154659   0.987388  0.0338323    1.78408
 -0.980789  -0.157566   0.115006  -0.302049
  0.118886 -0.0153956   0.992789  0.0106983
         0          0          0          1
v_world_imu:   0.021614  0.0389457 0.00939207
frame_39
id: 1100
stamp: 1777101588.863095760
T_odom_lidar: 
  -0.16572   0.985774  0.0280428    1.78484
 -0.979286  -0.167851   0.113245  -0.304565
  0.116341 -0.0086949   0.993171  0.0109756
         0          0          0          1
T_world_lidar: 
  -0.16572   0.985774  0.0280428    1.78484
 -0.979286  -0.167851   0.113245  -0.304565
  0.116341 -0.0086949   0.993171  0.0109756
         0          0          0          1
v_world_imu:   0.0836503  -0.0373374 -0.00694859
frame_40
id: 1101
stamp: 1777101588.963053942
T_odom_lidar: 
 -0.154627   0.987457  0.0319178    1.79377
 -0.981101  -0.157275   0.112719   -0.30293
  0.116325 -0.0138852   0.993114   0.010242
         0          0          0          1
T_world_lidar: 
 -0.154627   0.987457  0.0319178    1.79377
 -0.981101  -0.157275   0.112719   -0.30293
  0.116325 -0.0138852   0.993114   0.010242
         0          0          0          1
v_world_imu:  0.0415013  0.0553918 -0.0001352
frame_41
id: 1102
stamp: 1777101589.063031197
T_odom_lidar: 
 -0.158961    0.98682  0.0302831    1.79077
 -0.980192  -0.161415   0.114757  -0.299645
  0.118133 -0.0114412   0.992932  0.0107666
         0          0          0          1
T_world_lidar: 
 -0.158961    0.98682  0.0302831    1.79077
 -0.980192  -0.161415   0.114757  -0.299645
  0.118133 -0.0114412   0.992932  0.0107666
         0          0          0          1
v_world_imu: -0.0616157  0.0110013 0.00821424
frame_42
id: 1103
stamp: 1777101589.162895679
T_odom_lidar: 
  -0.163427    0.986147   0.0283791     1.78891
  -0.979514   -0.165624    0.114548   -0.299477
   0.117662 -0.00907747    0.993012   0.0108097
          0           0           0           1
T_world_lidar: 
  -0.163427    0.986147   0.0283791     1.78891
  -0.979514   -0.165624    0.114548   -0.299477
   0.117662 -0.00907747    0.993012   0.0108097
          0           0           0           1
v_world_imu:   0.0234037   0.0242908 -0.00142321
frame_43
id: 1104
stamp: 1777101589.263047695
T_odom_lidar: 
 -0.160443   0.986607  0.0293922    1.79326
 -0.980162  -0.162764    0.11309  -0.294124
  0.116359 -0.0106647    0.99315   0.010028
         0          0          0          1
T_world_lidar: 
 -0.160443   0.986607  0.0293922    1.79326
 -0.980162  -0.162764    0.11309  -0.294124
  0.116359 -0.0106647    0.99315   0.010028
         0          0          0          1
v_world_imu:   0.0318416    0.114634 -0.00139494
frame_44
id: 1105
stamp: 1777101589.362993479
T_odom_lidar: 
 -0.161859   0.986319  0.0312429    1.79744
 -0.979711  -0.164406   0.114616  -0.278008
  0.118184 -0.0120574   0.992918  0.0101726
         0          0          0          1
T_world_lidar: 
 -0.161859   0.986319  0.0312429    1.79744
 -0.979711  -0.164406   0.114616  -0.278008
  0.118184 -0.0120574   0.992918  0.0101726
         0          0          0          1
v_world_imu:  0.0277206    0.18177 0.00187289
frame_45
id: 1106
stamp: 1777101589.462899685
T_odom_lidar: 
 -0.163329    0.98608  0.0311567    1.80059
 -0.979447  -0.165857   0.114783  -0.262668
  0.118353 -0.0117689   0.992902  0.0102509
         0          0          0          1
T_world_lidar: 
 -0.163329    0.98608  0.0311567    1.80059
 -0.979447  -0.165857   0.114783  -0.262668
  0.118353 -0.0117689   0.992902  0.0102509
         0          0          0          1
v_world_imu:   0.0423443    0.136797 0.000435786
frame_46
id: 1107
stamp: 1777101589.563857794
T_odom_lidar: 
 -0.164969   0.985807  0.0311347     1.8057
 -0.979283  -0.167472   0.113835  -0.247827
  0.117433 -0.0117104   0.993012 0.00993195
         0          0          0          1
T_world_lidar: 
 -0.164969   0.985807  0.0311347     1.8057
 -0.979283  -0.167472   0.113835  -0.247827
  0.117433 -0.0117104   0.993012 0.00993195
         0          0          0          1
v_world_imu:   0.0475812    0.170016 -0.00211832
frame_47
id: 1108
stamp: 1777101589.663017273
T_odom_lidar: 
 -0.167048   0.985424  0.0321704    1.80985
 -0.978805   -0.16967   0.114682  -0.227025
  0.118469 -0.0123312   0.992881  0.0098739
         0          0          0          1
T_world_lidar: 
 -0.167048   0.985424  0.0321704    1.80985
 -0.978805   -0.16967   0.114682  -0.227025
  0.118469 -0.0123312   0.992881  0.0098739
         0          0          0          1
v_world_imu:  0.0433389   0.230023 0.00267919
frame_48
id: 1109
stamp: 1777101589.762915611
T_odom_lidar: 
 -0.170562   0.984815  0.0323737    1.81274
 -0.978133   -0.17319   0.115158  -0.206679
  0.119016 -0.0120243    0.99282 0.00801247
         0          0          0          1
T_world_lidar: 
 -0.170562   0.984815  0.0323737    1.81274
 -0.978133   -0.17319   0.115158  -0.206679
  0.119016 -0.0120243    0.99282 0.00801247
         0          0          0          1
v_world_imu:   0.0514269    0.180434 -0.00163703
frame_49
id: 1110
stamp: 1777101589.863121271
T_odom_lidar: 
 -0.170704   0.984802  0.0320285    1.81884
 -0.978259  -0.173276    0.11395  -0.187003
  0.117768 -0.0118805    0.99297 0.00611161
         0          0          0          1
T_world_lidar: 
 -0.170704   0.984802  0.0320285    1.81884
 -0.978259  -0.173276    0.11395  -0.187003
  0.117768 -0.0118805    0.99297 0.00611161
         0          0          0          1
v_world_imu:   0.0649546    0.224579 -0.00483228
frame_50
id: 1111
stamp: 1777101589.963059425
T_odom_lidar: 
  -0.17404   0.984195  0.0327097     1.8241
  -0.97756  -0.176679   0.114718  -0.161635
  0.118684 -0.0120102   0.992859 0.00594557
         0          0          0          1
T_world_lidar: 
  -0.17404   0.984195  0.0327097     1.8241
  -0.97756  -0.176679   0.114718  -0.161635
  0.118684 -0.0120102   0.992859 0.00594557
         0          0          0          1
v_world_imu:    0.0424812     0.263746 -0.000698142
frame_51
id: 1112
stamp: 1777101590.062941074
T_odom_lidar: 
 -0.176353   0.983774  0.0329921    1.82959
 -0.977085  -0.179015   0.115147  -0.136556
  0.119184 -0.0119297     0.9928 0.00579486
         0          0          0          1
T_world_lidar: 
 -0.176353   0.983774  0.0329921    1.82959
 -0.977085  -0.179015   0.115147  -0.136556
  0.119184 -0.0119297     0.9928 0.00579486
         0          0          0          1
v_world_imu:   0.0694488    0.235005 -0.00275437
frame_52
id: 1113
stamp: 1777101590.163109303
T_odom_lidar: 
-0.175198  0.983944 0.0340642   1.83647
-0.977375 -0.177985  0.114279 -0.116601
 0.118507 -0.013272  0.992865 0.0053337
        0         0         0         1
T_world_lidar: 
-0.175198  0.983944 0.0340642   1.83647
-0.977375 -0.177985  0.114279 -0.116601
 0.118507 -0.013272  0.992865 0.0053337
        0         0         0         1
v_world_imu:   0.0495778    0.167648 -0.00690232
frame_53
id: 1114
stamp: 1777101590.263060570
T_odom_lidar: 
 -0.178865   0.983293  0.0337824    1.84052
 -0.976765  -0.181588   0.113824  -0.097971
  0.118057 -0.0126383   0.992926 0.00521896
         0          0          0          1
T_world_lidar: 
 -0.178865   0.983293  0.0337824    1.84052
 -0.976765  -0.181588   0.113824  -0.097971
  0.118057 -0.0126383   0.992926 0.00521896
         0          0          0          1
v_world_imu:    0.0452715     0.206371 -0.000506367
frame_54
id: 1115
stamp: 1777101590.362944126
T_odom_lidar: 
 -0.178583   0.983277  0.0357064    1.84731
 -0.976788  -0.181534   0.113711 -0.0750583
  0.118291 -0.0145707   0.992872 0.00500799
         0          0          0          1
T_world_lidar: 
 -0.178583   0.983277  0.0357064    1.84731
 -0.976788  -0.181534   0.113711 -0.0750583
  0.118291 -0.0145707   0.992872 0.00500799
         0          0          0          1
v_world_imu:   0.0817786    0.232272 -0.00474475
frame_55
id: 1116
stamp: 1777101590.463066339
T_odom_lidar: 
 -0.179283    0.98313  0.0362455    1.85475
 -0.976778  -0.182276   0.112606 -0.0512593
  0.117313 -0.0152155   0.992978 0.00462926
         0          0          0          1
T_world_lidar: 
 -0.179283    0.98313  0.0362455    1.85475
 -0.976778  -0.182276   0.112606 -0.0512593
  0.117313 -0.0152155   0.992978 0.00462926
         0          0          0          1
v_world_imu:   0.0744793    0.263243 -0.00259915
frame_56
id: 1117
stamp: 1777101590.563970089
T_odom_lidar: 
 -0.180418   0.982907   0.036653    1.86078
 -0.976545  -0.183453   0.112711 -0.0248472
  0.117509 -0.0154582   0.992952 0.00447359
         0          0          0          1
T_world_lidar: 
 -0.180418   0.982907   0.036653    1.86078
 -0.976545  -0.183453   0.112711 -0.0248472
  0.117509 -0.0154582   0.992952 0.00447359
         0          0          0          1
v_world_imu:   0.0368029    0.261897 -0.00300267
frame_57
id: 1118
stamp: 1777101590.663109064
T_odom_lidar: 
 -0.179691   0.983034  0.0368113    1.86193
 -0.976813  -0.182731   0.111558 0.00076676
  0.116392 -0.0159117   0.993076  0.0041778
         0          0          0          1
T_world_lidar: 
 -0.179691   0.983034  0.0368113    1.86193
 -0.976813  -0.182731   0.111558 0.00076676
  0.116392 -0.0159117   0.993076  0.0041778
         0          0          0          1
v_world_imu:  -0.0456807    0.293712 0.000971509
frame_58
id: 1119
stamp: 1777101590.762990713
T_odom_lidar: 
 -0.182136   0.982596  0.0364997    1.85157
 -0.976214  -0.185144   0.112816   0.033036
   0.11761 -0.0150836   0.992945 0.00430392
         0          0          0          1
T_world_lidar: 
 -0.182136   0.982596  0.0364997    1.85157
 -0.976214  -0.185144   0.112816   0.033036
   0.11761 -0.0150836   0.992945 0.00430392
         0          0          0          1
v_world_imu:  -0.157547   0.348659 0.00347631
frame_59
id: 1120
stamp: 1777101590.863180637
T_odom_lidar: 
 -0.185265   0.982008  0.0365554    1.83669
 -0.975389  -0.188287   0.114738  0.0610749
  0.119556 -0.0143989   0.992723 0.00456932
         0          0          0          1
T_world_lidar: 
 -0.185265   0.982008  0.0365554    1.83669
 -0.975389  -0.188287   0.114738  0.0610749
  0.119556 -0.0143989   0.992723 0.00456932
         0          0          0          1
v_world_imu:  -0.108479   0.203028 0.00100285
frame_60
id: 1121
stamp: 1777101590.963103533
T_odom_lidar: 
 -0.182225   0.982456  0.0396693    1.82847
 -0.976427  -0.185559   0.110261  0.0779061
  0.115688 -0.0186418   0.993111 0.00401919
         0          0          0          1
T_world_lidar: 
 -0.182225   0.982456  0.0396693    1.82847
 -0.976427  -0.185559   0.110261  0.0779061
  0.115688 -0.0186418   0.993111 0.00401919
         0          0          0          1
v_world_imu: -0.0783993   0.223856 0.00113106
frame_61
id: 1122
stamp: 1777101591.063029289
T_odom_lidar: 
 -0.186737   0.981626   0.039236    1.81747
  -0.97553  -0.189999   0.110638    0.10609
   0.11606 -0.0176157   0.993086 0.00465027
         0          0          0          1
T_world_lidar: 
 -0.186737   0.981626   0.039236    1.81747
  -0.97553  -0.189999   0.110638    0.10609
   0.11606 -0.0176157   0.993086 0.00465027
         0          0          0          1
v_world_imu: -0.0938193   0.330723  0.0122616
frame_62
id: 1123
stamp: 1777101591.162940502
T_odom_lidar: 
 -0.189951   0.981098  0.0369565    1.81158
 -0.974972  -0.192927    0.11049     0.1361
  0.115531  -0.015044    0.99319 0.00441986
         0          0          0          1
T_world_lidar: 
 -0.189951   0.981098  0.0369565    1.81158
 -0.974972  -0.192927    0.11049     0.1361
  0.115531  -0.015044    0.99319 0.00441986
         0          0          0          1
v_world_imu:  0.00469277    0.360341 -0.00926805
frame_63
id: 1124
stamp: 1777101591.263050556
T_odom_lidar: 
 -0.187354   0.981541  0.0384024    1.80448
 -0.975374  -0.190524   0.111111   0.167397
  0.116377 -0.0166394   0.993066 0.00353431
         0          0          0          1
T_world_lidar: 
 -0.187354   0.981541  0.0384024    1.80448
 -0.975374  -0.190524   0.111111   0.167397
  0.116377 -0.0166394   0.993066 0.00353431
         0          0          0          1
v_world_imu:  -0.157688   0.271406 0.00790227
frame_64
id: 1125
stamp: 1777101591.363063335
T_odom_lidar: 
 -0.201463   0.978894  0.0343305    1.79121
 -0.972581  -0.204075   0.111533   0.191435
  0.116185 -0.0109193   0.993168 0.00423593
         0          0          0          1
T_world_lidar: 
 -0.201463   0.978894  0.0343305    1.79121
 -0.972581  -0.204075   0.111533   0.191435
  0.116185 -0.0109193   0.993168 0.00423593
         0          0          0          1
v_world_imu:  -0.0711282    0.261769 0.000597918
frame_65
id: 1126
stamp: 1777101591.462169886
T_odom_lidar: 
 -0.200473   0.979032  0.0361444    1.79497
 -0.972833  -0.203292   0.110758    0.21753
  0.115784 -0.0129585    0.99319 0.00366593
         0          0          0          1
T_world_lidar: 
 -0.200473   0.979032  0.0361444    1.79497
 -0.972833  -0.203292   0.110758    0.21753
  0.115784 -0.0129585    0.99319 0.00366593
         0          0          0          1
v_world_imu:   0.078084   0.259384 -0.0075782
frame_66
id: 1127
stamp: 1777101591.562110662
T_odom_lidar: 
 -0.201057   0.978884  0.0368984    1.80399
  -0.97289  -0.203937   0.109068    0.23963
   0.11429 -0.0139692   0.993349 0.00326188
         0          0          0          1
T_world_lidar: 
 -0.201057   0.978884  0.0368984    1.80399
  -0.97289  -0.203937   0.109068    0.23963
   0.11429 -0.0139692   0.993349 0.00326188
         0          0          0          1
v_world_imu:   0.0587509    0.212208 0.000467803
frame_67
id: 1128
stamp: 1777101591.663114548
T_odom_lidar: 
 -0.202116   0.978695  0.0361251    1.81391
 -0.972829  -0.204884   0.107821   0.261394
  0.112925 -0.0133513   0.993514 0.00328299
         0          0          0          1
T_world_lidar: 
 -0.202116   0.978695  0.0361251    1.81391
 -0.972829  -0.204884   0.107821   0.261394
  0.112925 -0.0133513   0.993514 0.00328299
         0          0          0          1
v_world_imu:     0.10874    0.235719 -0.00417197
frame_68
id: 1129
stamp: 1777101591.763007402
T_odom_lidar: 
 -0.201976   0.978726  0.0360652     1.8253
 -0.972701  -0.204756   0.109211   0.285807
  0.114272 -0.0130228   0.993364 0.00364905
         0          0          0          1
T_world_lidar: 
 -0.201976   0.978726  0.0360652     1.8253
 -0.972701  -0.204756   0.109211   0.285807
  0.114272 -0.0130228   0.993364 0.00364905
         0          0          0          1
v_world_imu:  0.0801681   0.239793 0.00762767
frame_69
id: 1130
stamp: 1777101591.862120867
T_odom_lidar: 
 -0.202862   0.978553   0.035791    1.83989
 -0.972641  -0.205593   0.108168   0.304822
  0.113206 -0.0128687   0.993488 0.00368616
         0          0          0          1
T_world_lidar: 
 -0.202862   0.978553   0.035791    1.83989
 -0.972641  -0.205593   0.108168   0.304822
  0.113206 -0.0128687   0.993488 0.00368616
         0          0          0          1
v_world_imu:    0.166251    0.183578 -0.00377966
frame_70
id: 1131
stamp: 1777101591.963024139
T_odom_lidar: 
 -0.195811   0.979893  0.0383201    1.85274
 -0.974167  -0.198852    0.10703   0.318631
  0.112498 -0.0163726   0.993517 0.00317354
         0          0          0          1
T_world_lidar: 
 -0.195811   0.979893  0.0383201    1.85274
 -0.974167  -0.198852    0.10703   0.318631
  0.112498 -0.0163726   0.993517 0.00317354
         0          0          0          1
v_world_imu: -0.000915659    0.0852926  -0.00288573
frame_71
id: 1132
stamp: 1777101592.062079430
T_odom_lidar: 
 -0.201631   0.978772  0.0367482    1.85534
 -0.972837  -0.204482   0.108515   0.331202
  0.113726 -0.0138699   0.993415 0.00348435
         0          0          0          1
T_world_lidar: 
 -0.201631   0.978772  0.0367482    1.85534
 -0.972837  -0.204482   0.108515   0.331202
  0.113726 -0.0138699   0.993415 0.00348435
         0          0          0          1
v_world_imu:  0.0483319   0.135406 0.00290582
frame_72
id: 1133
stamp: 1777101592.161991119
T_odom_lidar: 
 -0.199973   0.979127  0.0363584     1.8572
 -0.973165  -0.202793   0.108745   0.337617
  0.113848 -0.0136367   0.993405 0.00337332
         0          0          0          1
T_world_lidar: 
 -0.199973   0.979127  0.0363584     1.8572
 -0.973165  -0.202793   0.108745   0.337617
  0.113848 -0.0136367   0.993405 0.00337332
         0          0          0          1
v_world_imu:   0.0197418  0.00164558 -0.00294415
frame_73
id: 1134
stamp: 1777101592.263227701
T_odom_lidar: 
 -0.199379   0.979256  0.0361213    1.85758
 -0.973434  -0.202159   0.107509   0.335571
  0.112581 -0.0137267   0.993548 0.00313399
         0          0          0          1
T_world_lidar: 
 -0.199379   0.979256  0.0361213    1.85758
 -0.973434  -0.202159   0.107509   0.335571
  0.112581 -0.0137267   0.993548 0.00313399
         0          0          0          1
v_world_imu:  0.00785803  -0.0197255 -0.00127925
frame_74
id: 1135
stamp: 1777101592.363247633
T_odom_lidar: 
 -0.200129   0.979113  0.0358581    1.85705
 -0.973232  -0.202881   0.107977   0.335824
  0.112997 -0.0132889   0.993506  0.0032562
         0          0          0          1
T_world_lidar: 
 -0.200129   0.979113  0.0358581    1.85705
 -0.973232  -0.202881   0.107977   0.335824
  0.112997 -0.0132889   0.993506  0.0032562
         0          0          0          1
v_world_imu: 0.00202758   0.016611 0.00281241
frame_75
id: 1136
stamp: 1777101592.463245630
T_odom_lidar: 
 -0.200465   0.979046  0.0358056    1.85665
 -0.973129  -0.203213   0.108275   0.336003
  0.113282 -0.0131381   0.993476 0.00335366
         0          0          0          1
T_world_lidar: 
 -0.200465   0.979046  0.0358056    1.85665
 -0.973129  -0.203213   0.108275   0.336003
  0.113282 -0.0131381   0.993476 0.00335366
         0          0          0          1
v_world_imu:   0.00374771   -0.0143895 -0.000219888
frame_76
id: 1137
stamp: 1777101592.563821793
T_odom_lidar: 
 -0.199423   0.979261  0.0357472    1.85724
 -0.973395  -0.202165   0.107846   0.334786
  0.112836 -0.0132892   0.993525 0.00322498
         0          0          0          1
T_world_lidar: 
 -0.199423   0.979261  0.0357472    1.85724
 -0.973395  -0.202165   0.107846   0.334786
  0.112836 -0.0132892   0.993525 0.00322498
         0          0          0          1
v_world_imu:    0.0143438 -0.000203237  8.57972e-05
frame_77
id: 1138
stamp: 1777101592.663129568
T_odom_lidar: 
 -0.199927   0.979153  0.0359018    1.85694
 -0.973233   -0.20269   0.108322     0.3352
  0.113341 -0.0132844   0.993467  0.0033706
         0          0          0          1
T_world_lidar: 
 -0.199927   0.979153  0.0359018    1.85694
 -0.973233   -0.20269   0.108322     0.3352
  0.113341 -0.0132844   0.993467  0.0033706
         0          0          0          1
v_world_imu:  -0.0127942 -0.00121464  0.00237644
frame_78
id: 1139
stamp: 1777101592.763175726
T_odom_lidar: 
 -0.200162   0.979113  0.0356835    1.85668
  -0.97319  -0.202899   0.108318   0.334898
  0.113296 -0.0130457   0.993476 0.00339628
         0          0          0          1
T_world_lidar: 
 -0.200162   0.979113  0.0356835    1.85668
  -0.97319  -0.202899   0.108318   0.334898
  0.113296 -0.0130457   0.993476 0.00339628
         0          0          0          1
v_world_imu:   0.0152977 -0.00111928 -0.00178714
frame_79
id: 1140
stamp: 1777101592.862105608
T_odom_lidar: 
 -0.199501   0.979235  0.0360342    1.85729
 -0.973327  -0.202281   0.108244   0.334769
  0.113286 -0.0134782   0.993471 0.00330808
         0          0          0          1
T_world_lidar: 
 -0.199501   0.979235  0.0360342    1.85729
 -0.973327  -0.202281   0.108244   0.334769
  0.113286 -0.0134782   0.993471 0.00330808
         0          0          0          1
v_world_imu: -0.00625438 -0.00198231 0.000695385
frame_80
id: 1141
stamp: 1777101592.963103294
T_odom_lidar: 
 -0.200394   0.979057  0.0359069    1.85646
 -0.973106  -0.203159   0.108585   0.335091
  0.113606 -0.0131813   0.993438 0.00345785
         0          0          0          1
T_world_lidar: 
 -0.200394   0.979057  0.0359069    1.85646
