id: 3
T_world_origin: 
  -0.983907    0.142289    0.108082     3.77235
  -0.142367   -0.989789  0.00703083    0.291096
   0.107978 -0.00846962    0.994117   0.0228389
          0           0           0           1
T_origin_endpoint_L: 
    0.99617  -0.0874214   -0.001735    0.867286
  0.0874082    0.996151 -0.00659644  -0.0279524
   0.002305  0.00641952    0.999977  -0.0981015
          0           0           0           1
T_origin_endpoint_R: 
 0.371598 -0.926784 0.0546573 -0.162688
 0.923918   0.36339 -0.119682  0.246631
0.0910575 0.0949724  0.991307 0.0215127
        0         0         0         1
T_lidar_imu: 
     1      0      0  0.006
     0      1      0 -0.012
     0      0      1  0.008
     0      0      0      1
imu_bias: -4.50649e-05 -0.000577696  -0.00401531 -4.99278e-05 -0.000429824   0.00141343
frame_id: 2
num_frames: 221
frame_0
id: 504
stamp: 1777101529.062260151
T_odom_lidar: 
 -0.967452    0.22845   0.108848    2.91212
 -0.228322  -0.973488  0.0138068   0.184178
  0.109116 -0.0114949   0.993963  0.0104551
         0          0          0          1
T_world_lidar: 
 -0.967452    0.22845   0.108848    2.91212
 -0.228322  -0.973488  0.0138068   0.184178
  0.109116 -0.0114949   0.993963  0.0104551
         0          0          0          1
v_world_imu:    0.223786    0.141905 -0.00382132
frame_1
id: 505
stamp: 1777101529.163296461
T_odom_lidar: 
 -0.97128  0.210786  0.110387   2.93568
-0.210821 -0.977457 0.0114859   0.19272
  0.11032 -0.012116  0.993822 0.0103836
        0         0         0         1
T_world_lidar: 
 -0.97128  0.210786  0.110387   2.93568
-0.210821 -0.977457 0.0114859   0.19272
  0.11032 -0.012116  0.993822 0.0103836
        0         0         0         1
v_world_imu:   0.205187  0.0910822 0.00133902
frame_2
id: 506
stamp: 1777101529.262308836
T_odom_lidar: 
 -0.973601   0.200422   0.109233    2.95714
 -0.200243  -0.979664  0.0127217   0.199071
  0.109562 -0.0094874   0.993935  0.0105448
         0          0          0          1
T_world_lidar: 
 -0.973601   0.200422   0.109233    2.95714
 -0.200243  -0.979664  0.0127217   0.199071
  0.109562 -0.0094874   0.993935  0.0105448
         0          0          0          1
v_world_imu:    0.248964   0.0612593 -0.00149349
frame_3
id: 507
stamp: 1777101529.362283707
T_odom_lidar: 
  -0.974128     0.19775    0.109406     2.98277
  -0.197536   -0.980211    0.012902    0.203175
   0.109792 -0.00904345    0.993913   0.0105349
          0           0           0           1
T_world_lidar: 
  -0.974128     0.19775    0.109406     2.98277
  -0.197536   -0.980211    0.012902    0.203175
   0.109792 -0.00904345    0.993913   0.0105349
          0           0           0           1
v_world_imu:     0.254898    0.0479398 -0.000631371
frame_4
id: 508
stamp: 1777101529.462500811
T_odom_lidar: 
 -0.974825   0.194477   0.109064    3.00699
 -0.194179  -0.980874   0.013456   0.207102
  0.109595 -0.0080606   0.993944  0.0105103
         0          0          0          1
T_world_lidar: 
 -0.974825   0.194477   0.109064    3.00699
 -0.194179  -0.980874   0.013456   0.207102
  0.109595 -0.0080606   0.993944  0.0105103
         0          0          0          1
v_world_imu:    0.240348   0.0479504 0.000515393
frame_5
id: 509
stamp: 1777101529.562551260
T_odom_lidar: 
  -0.975516    0.191428    0.108281     3.03023
  -0.191059   -0.981481    0.013871    0.210731
   0.108931 -0.00715654    0.994024   0.0103169
          0           0           0           1
T_world_lidar: 
  -0.975516    0.191428    0.108281     3.03023
  -0.191059   -0.981481    0.013871    0.210731
   0.108931 -0.00715654    0.994024   0.0103169
          0           0           0           1
v_world_imu:    0.246323   0.0294032 -0.00165054
frame_6
id: 510
stamp: 1777101529.662572145
T_odom_lidar: 
  -0.975767    0.190224    0.108133     3.05519
  -0.190024   -0.981703    0.012247     0.21301
   0.108485 -0.00859769    0.994061   0.0102793
          0           0           0           1
T_world_lidar: 
  -0.975767    0.190224    0.108133     3.05519
  -0.190024   -0.981703    0.012247     0.21301
   0.108485 -0.00859769    0.994061   0.0102793
          0           0           0           1
v_world_imu:    0.243136   0.0258363 -0.00122876
frame_7
id: 511
stamp: 1777101529.762535095
T_odom_lidar: 
    -0.9763    0.187363    0.108323     3.07912
   -0.18719   -0.982252   0.0118599    0.216082
   0.108623 -0.00869813    0.994045    0.010648
          0           0           0           1
T_world_lidar: 
    -0.9763    0.187363    0.108323     3.07912
   -0.18719   -0.982252   0.0118599    0.216082
   0.108623 -0.00869813    0.994045    0.010648
          0           0           0           1
v_world_imu:   0.230038  0.0345174 0.00456924
frame_8
id: 512
stamp: 1777101529.862697601
T_odom_lidar: 
  -0.977046    0.183967    0.107414     3.10052
  -0.183631   -0.982908   0.0131008    0.220266
   0.107988 -0.00692439    0.994128    0.011029
          0           0           0           1
T_world_lidar: 
  -0.977046    0.183967    0.107414     3.10052
  -0.183631   -0.982908   0.0131008    0.220266
   0.107988 -0.00692439    0.994128    0.011029
          0           0           0           1
v_world_imu:   0.221311  0.0385556 0.00528749
frame_9
id: 513
stamp: 1777101529.962325335
T_odom_lidar: 
   -0.97715    0.182936    0.108223     3.12174
  -0.182628   -0.983098     0.01284     0.22314
   0.108743 -0.00721803    0.994044   0.0113563
          0           0           0           1
T_world_lidar: 
   -0.97715    0.182936    0.108223     3.12174
  -0.182628   -0.983098     0.01284     0.22314
   0.108743 -0.00721803    0.994044   0.0113563
          0           0           0           1
v_world_imu:    0.173912   0.0188937 -0.00117915
frame_10
id: 514
stamp: 1777101530.062040806
T_odom_lidar: 
  -0.977621    0.181039    0.107157     3.13799
  -0.180683   -0.983454   0.0131025    0.225086
   0.107756 -0.00655218    0.994156   0.0113473
          0           0           0           1
T_world_lidar: 
  -0.977621    0.181039    0.107157     3.13799
  -0.180683   -0.983454   0.0131025    0.225086
   0.107756 -0.00655218    0.994156   0.0113473
          0           0           0           1
v_world_imu:   0.164697  0.0110507 0.00310174
frame_11
id: 515
stamp: 1777101530.162202597
T_odom_lidar: 
  -0.977999    0.179502    0.106291     3.15578
  -0.179094    -0.98374   0.0134518    0.227918
   0.106977 -0.00588026    0.994244   0.0116664
          0           0           0           1
T_world_lidar: 
  -0.977999    0.179502    0.106291     3.15578
  -0.179094    -0.98374   0.0134518    0.227918
   0.106977 -0.00588026    0.994244   0.0116664
          0           0           0           1
v_world_imu:   0.216193  0.0216659 0.00373685
frame_12
id: 516
stamp: 1777101530.262380362
T_odom_lidar: 
  -0.978031    0.178778    0.107204     3.17694
  -0.178447   -0.983867   0.0127583    0.230054
   0.107756 -0.00665228    0.994155   0.0118164
          0           0           0           1
T_world_lidar: 
  -0.978031    0.178778    0.107204     3.17694
  -0.178447   -0.983867   0.0127583    0.230054
   0.107756 -0.00665228    0.994155   0.0118164
          0           0           0           1
v_world_imu:    0.196156   0.0168671 0.000285507
frame_13
id: 517
stamp: 1777101530.362267971
T_odom_lidar: 
   -0.97844    0.177089     0.10628     3.19671
  -0.176776   -0.984172   0.0124347    0.231766
     0.1068 -0.00662118    0.994259   0.0119485
          0           0           0           1
T_world_lidar: 
   -0.97844    0.177089     0.10628     3.19671
  -0.176776   -0.984172   0.0124347    0.231766
     0.1068 -0.00662118    0.994259   0.0119485
          0           0           0           1
v_world_imu:   0.214105  0.0322634 0.00489315
frame_14
id: 518
stamp: 1777101530.462522984
T_odom_lidar: 
   -0.97835      0.1765    0.108068     3.22156
  -0.176223   -0.984275   0.0121859     0.23531
    0.10852 -0.00712202    0.994069   0.0122628
          0           0           0           1
T_world_lidar: 
   -0.97835      0.1765    0.108068     3.22156
  -0.176223   -0.984275   0.0121859     0.23531
    0.10852 -0.00712202    0.994069   0.0122628
          0           0           0           1
v_world_imu:   0.254399  0.0411465 0.00234423
frame_15
id: 519
stamp: 1777101530.563445330
T_odom_lidar: 
  -0.978859    0.174214    0.107169     3.24433
  -0.173904   -0.984686   0.0123002    0.238361
   0.107671 -0.00659697    0.994165   0.0124818
          0           0           0           1
T_world_lidar: 
  -0.978859    0.174214    0.107169     3.24433
  -0.173904   -0.984686   0.0123002    0.238361
   0.107671 -0.00659697    0.994165   0.0124818
          0           0           0           1
v_world_imu:  0.211669 0.0276289  0.000241
frame_16
id: 520
stamp: 1777101530.662283659
T_odom_lidar: 
  -0.978827    0.174483    0.107019     3.26618
  -0.174177   -0.984638   0.0122699    0.240434
   0.107516 -0.00663018    0.994181   0.0124233
          0           0           0           1
T_world_lidar: 
  -0.978827    0.174483    0.107019     3.26618
  -0.174177   -0.984638   0.0122699    0.240434
   0.107516 -0.00663018    0.994181   0.0124233
          0           0           0           1
v_world_imu:   0.228074  0.0335429 0.00105236
frame_17
id: 521
stamp: 1777101530.762490988
T_odom_lidar: 
   -0.97909    0.172643    0.107602     3.29053
  -0.172433   -0.984956    0.011328    0.243365
   0.107939 -0.00746292     0.99413   0.0126607
          0           0           0           1
T_world_lidar: 
   -0.97909    0.172643    0.107602     3.29053
  -0.172433   -0.984956    0.011328    0.243365
   0.107939 -0.00746292     0.99413   0.0126607
          0           0           0           1
v_world_imu:   0.234811  0.0286394 0.00390418
frame_18
id: 522
stamp: 1777101530.862448692
T_odom_lidar: 
  -0.979437    0.171155     0.10681     3.30931
  -0.170942   -0.985217   0.0112137    0.245839
    0.10715 -0.00727511    0.994216   0.0126773
          0           0           0           1
T_world_lidar: 
  -0.979437    0.171155     0.10681     3.30931
  -0.170942   -0.985217   0.0112137    0.245839
    0.10715 -0.00727511    0.994216   0.0126773
          0           0           0           1
v_world_imu:   0.164576  0.0308406 0.00146038
frame_19
id: 523
stamp: 1777101530.962104082
T_odom_lidar: 
  -0.979588    0.170315    0.106771     3.32674
  -0.170144    -0.98536   0.0107762    0.247251
   0.107043 -0.00761027    0.994225   0.0127036
          0           0           0           1
T_world_lidar: 
  -0.979588    0.170315    0.106771     3.32674
  -0.170144    -0.98536   0.0107762    0.247251
   0.107043 -0.00761027    0.994225   0.0127036
          0           0           0           1
v_world_imu:    0.18042  0.0176487 0.00246815
frame_20
id: 524
stamp: 1777101531.062452078
T_odom_lidar: 
  -0.979663    0.169535     0.10732     3.34521
  -0.169405   -0.985492    0.010398    0.249406
   0.107526 -0.00799397     0.99417     0.01296
          0           0           0           1
T_world_lidar: 
  -0.979663    0.169535     0.10732     3.34521
  -0.169405   -0.985492    0.010398    0.249406
   0.107526 -0.00799397     0.99417     0.01296
          0           0           0           1
v_world_imu:  0.179155 0.0174793 0.0031658
frame_21
id: 525
stamp: 1777101531.162292480
T_odom_lidar: 
  -0.980148    0.167013    0.106849      3.3627
  -0.166842   -0.985927   0.0106013    0.251875
   0.107116 -0.00743603    0.994219   0.0132593
          0           0           0           1
T_world_lidar: 
  -0.980148    0.167013    0.106849      3.3627
  -0.166842   -0.985927   0.0106013    0.251875
   0.107116 -0.00743603    0.994219   0.0132593
          0           0           0           1
v_world_imu:  0.188308 0.0199479 0.0058784
frame_22
id: 526
stamp: 1777101531.262473106
T_odom_lidar: 
  -0.980237    0.166326    0.107107     3.38213
  -0.166195    -0.98604   0.0102104     0.25411
    0.10731 -0.00779198    0.994195   0.0137521
          0           0           0           1
T_world_lidar: 
  -0.980237    0.166326    0.107107     3.38213
  -0.166195    -0.98604   0.0102104     0.25411
    0.10731 -0.00779198    0.994195   0.0137521
          0           0           0           1
v_world_imu:   0.185638  0.0337348 0.00311812
frame_23
id: 527
stamp: 1777101531.362357616
T_odom_lidar: 
  -0.980741     0.16334    0.107087     3.40222
  -0.163205   -0.986541    0.010091    0.256528
   0.107294 -0.00758034    0.994198   0.0136422
          0           0           0           1
T_world_lidar: 
  -0.980741     0.16334    0.107087     3.40222
  -0.163205   -0.986541    0.010091    0.256528
   0.107294 -0.00758034    0.994198   0.0136422
          0           0           0           1
v_world_imu:    0.220624   0.0234472 -0.00154247
frame_24
id: 528
stamp: 1777101531.462325335
T_odom_lidar: 
  -0.980729    0.163189    0.107421     3.42603
  -0.163194   -0.986555  0.00879838    0.258144
   0.107413 -0.00890174    0.994175   0.0134211
          0           0           0           1
T_world_lidar: 
  -0.980729    0.163189    0.107421     3.42603
  -0.163194   -0.986555  0.00879838    0.258144
   0.107413 -0.00890174    0.994175   0.0134211
          0           0           0           1
v_world_imu:    0.238807   0.0144277 -0.00154484
frame_25
id: 529
stamp: 1777101531.562617540
T_odom_lidar: 
  -0.981128    0.161099    0.106935     3.44748
   -0.16106   -0.986903  0.00905596     0.26062
   0.106993 -0.00833791    0.994225   0.0131818
          0           0           0           1
T_world_lidar: 
  -0.981128    0.161099    0.106935     3.44748
   -0.16106   -0.986903  0.00905596     0.26062
   0.106993 -0.00833791    0.994225   0.0131818
          0           0           0           1
v_world_imu:    0.206106   0.0250461 9.14048e-05
frame_26
id: 530
stamp: 1777101531.662310600
T_odom_lidar: 
  -0.981273    0.160429    0.106614     3.47089
  -0.160426    -0.98701   0.0086655    0.262697
   0.106619 -0.00860037    0.994263   0.0129487
          0           0           0           1
T_world_lidar: 
  -0.981273    0.160429    0.106614     3.47089
  -0.160426    -0.98701   0.0086655    0.262697
   0.106619 -0.00860037    0.994263   0.0129487
          0           0           0           1
v_world_imu:    0.268365   0.0147877 -0.00269326
frame_27
id: 531
stamp: 1777101531.762181520
T_odom_lidar: 
 -0.981225   0.160485   0.106966    3.49729
 -0.160646  -0.986986  0.0071675   0.264322
  0.106724 -0.0101507   0.994237  0.0127336
         0          0          0          1
T_world_lidar: 
 -0.981225   0.160485   0.106966    3.49729
 -0.160646  -0.986986  0.0071675   0.264322
  0.106724 -0.0101507   0.994237  0.0127336
         0          0          0          1
v_world_imu:     0.257073    0.0164529 -0.000738459
frame_28
id: 532
stamp: 1777101531.862258196
T_odom_lidar: 
  -0.981453     0.15956    0.106254      3.5202
  -0.159659   -0.987143  0.00762779    0.267042
   0.106105 -0.00947808     0.99431   0.0124977
          0           0           0           1
T_world_lidar: 
  -0.981453     0.15956    0.106254      3.5202
  -0.159659   -0.987143  0.00762779    0.267042
   0.106105 -0.00947808     0.99431   0.0124977
          0           0           0           1
v_world_imu:    0.228512   0.0113056 -0.00159167
frame_29
id: 533
stamp: 1777101531.962179661
T_odom_lidar: 
 -0.981567   0.158831   0.106296    3.54479
 -0.159049  -0.987249 0.00647405    0.26829
  0.105968 -0.0105515   0.994314  0.0121667
         0          0          0          1
T_world_lidar: 
 -0.981567   0.158831   0.106296    3.54479
 -0.159049  -0.987249 0.00647405    0.26829
  0.105968 -0.0105515   0.994314  0.0121667
         0          0          0          1
v_world_imu:    0.247301  0.00851175 -0.00301605
frame_30
id: 534
stamp: 1777101532.062236071
T_odom_lidar: 
 -0.981344   0.159483   0.107375    3.57024
 -0.159856  -0.987127   0.005181   0.269837
  0.106819 -0.0120802   0.994205  0.0120801
         0          0          0          1
T_world_lidar: 
 -0.981344   0.159483   0.107375    3.57024
 -0.159856  -0.987127   0.005181   0.269837
  0.106819 -0.0120802   0.994205  0.0120801
         0          0          0          1
v_world_imu:  0.241712 0.0277979 0.0016152
frame_31
id: 535
stamp: 1777101532.162282705
T_odom_lidar: 
 -0.981963   0.156038   0.106779     3.5919
 -0.156275  -0.987694   0.006201   0.272892
  0.106432 -0.0105976   0.994263  0.0121563
         0          0          0          1
T_world_lidar: 
 -0.981963   0.156038   0.106779     3.5919
 -0.156275  -0.987694   0.006201   0.272892
  0.106432 -0.0105976   0.994263  0.0121563
         0          0          0          1
v_world_imu:     0.216758    0.0250938 -0.000845213
frame_32
id: 536
stamp: 1777101532.262283087
T_odom_lidar: 
 -0.982189   0.154583   0.106809    3.61379
  -0.15478  -0.987928  0.0064922    0.27548
  0.106523 -0.0101553   0.994258  0.0121323
         0          0          0          1
T_world_lidar: 
 -0.982189   0.154583   0.106809    3.61379
  -0.15478  -0.987928  0.0064922    0.27548
  0.106523 -0.0101553   0.994258  0.0121323
         0          0          0          1
v_world_imu:      0.20682    0.0341138 -0.000285693
frame_33
id: 537
stamp: 1777101532.362444878
T_odom_lidar: 
  -0.982333    0.153521    0.107024      3.6358
  -0.153665   -0.988099  0.00694258    0.277848
   0.106817 -0.00962604    0.994232   0.0121688
          0           0           0           1
T_world_lidar: 
  -0.982333    0.153521    0.107024      3.6358
  -0.153665   -0.988099  0.00694258    0.277848
   0.106817 -0.00962604    0.994232   0.0121688
          0           0           0           1
v_world_imu:    0.216897   0.0268754 0.000778519
frame_34
id: 538
stamp: 1777101532.462186813
T_odom_lidar: 
  -0.982802    0.151096    0.106158      3.6562
  -0.151106   -0.988485  0.00799749    0.280938
   0.106144 -0.00818117    0.994317   0.0121937
          0           0           0           1
T_world_lidar: 
  -0.982802    0.151096    0.106158      3.6562
  -0.151106   -0.988485  0.00799749    0.280938
   0.106144 -0.00818117    0.994317   0.0121937
          0           0           0           1
v_world_imu:    0.204083   0.0347353 -0.00146431
frame_35
id: 539
stamp: 1777101532.562069654
T_odom_lidar: 
  -0.982969    0.149622    0.106699     3.67945
  -0.149678   -0.988706  0.00752795    0.282829
    0.10662 -0.00857069    0.994263   0.0122672
          0           0           0           1
T_world_lidar: 
  -0.982969    0.149622    0.106699     3.67945
  -0.149678   -0.988706  0.00752795    0.282829
    0.10662 -0.00857069    0.994263   0.0122672
          0           0           0           1
v_world_imu:    0.238661  0.00609735 0.000775896
frame_36
id: 540
stamp: 1777101532.762383461
T_odom_lidar: 
  -0.983169    0.148255    0.106763     3.72323
  -0.148437   -0.988902  0.00628682    0.286435
   0.106511 -0.00966664    0.994265   0.0125871
          0           0           0           1
T_world_lidar: 
  -0.983169    0.148255    0.106763     3.72323
  -0.148437   -0.988902  0.00628682    0.286435
   0.106511 -0.00966664    0.994265   0.0125871
          0           0           0           1
v_world_imu:   0.167226  0.0213706 0.00718557
frame_37
id: 541
stamp: 1777101532.862265110
T_odom_lidar: 
  -0.983337    0.146969    0.107001     3.73774
  -0.147122   -0.989097  0.00650993    0.287603
   0.106791 -0.00934067    0.994238   0.0128029
          0           0           0           1
T_world_lidar: 
  -0.983337    0.146969    0.107001     3.73774
  -0.147122   -0.989097  0.00650993    0.287603
   0.106791 -0.00934067    0.994238   0.0128029
          0           0           0           1
v_world_imu:   0.122298 0.00629524 0.00179391
frame_38
id: 542
stamp: 1777101532.962302208
T_odom_lidar: 
 -0.983158   0.147862   0.107411    3.74881
 -0.148098  -0.988955 0.00582108   0.287015
  0.107085 -0.0101843   0.994198  0.0126902
         0          0          0          1
T_world_lidar: 
 -0.983158   0.147862   0.107411    3.74881
 -0.148098  -0.988955 0.00582108   0.287015
  0.107085 -0.0101843   0.994198  0.0126902
         0          0          0          1
v_world_imu:   0.0802931  -0.0234659 0.000513658
frame_39
id: 543
stamp: 1777101533.062419653
T_odom_lidar: 
 -0.983469   0.145729   0.107478     3.7552
 -0.146081  -0.989262 0.00462939   0.286513
  0.106999 -0.0111477   0.994197  0.0127901
         0          0          0          1
T_world_lidar: 
 -0.983469   0.145729   0.107478     3.7552
 -0.146081  -0.989262 0.00462939   0.286513
  0.106999 -0.0111477   0.994197  0.0127901
         0          0          0          1
v_world_imu:  -0.0245698  0.00186772 -0.00193437
frame_40
id: 544
stamp: 1777101533.162412643
T_odom_lidar: 
 -0.984159   0.141325   0.107046    3.75957
 -0.141373   -0.98993 0.00717981   0.286736
  0.106983 -0.0080673   0.994228  0.0129944
         0          0          0          1
T_world_lidar: 
 -0.984159   0.141325   0.107046    3.75957
 -0.141373   -0.98993 0.00717981   0.286736
  0.106983 -0.0080673   0.994228  0.0129944
         0          0          0          1
v_world_imu:  0.0893677 -0.0605526 0.00253174
frame_41
id: 545
stamp: 1777101533.262294054
T_odom_lidar: 
 -0.983001   0.148125   0.108485    3.76973
 -0.148486  -0.988903 0.00478414   0.284289
   0.10799 -0.0114057   0.994087  0.0127474
         0          0          0          1
T_world_lidar: 
 -0.983001   0.148125   0.108485    3.76973
 -0.148486  -0.988903 0.00478414   0.284289
   0.10799 -0.0114057   0.994087  0.0127474
         0          0          0          1
v_world_imu:   0.0417273  -0.0416242 -0.00358078
frame_42
id: 546
stamp: 1777101533.362295866
T_odom_lidar: 
  -0.983686    0.144127     0.10765     3.77058
  -0.144198   -0.989523  0.00716324    0.285968
   0.107554 -0.00847644    0.994163   0.0126507
          0           0           0           1
T_world_lidar: 
  -0.983686    0.144127     0.10765     3.77058
  -0.144198   -0.989523  0.00716324    0.285968
   0.107554 -0.00847644    0.994163   0.0126507
          0           0           0           1
v_world_imu: -0.000469263   -0.0102598  -0.00174001
frame_43
id: 547
stamp: 1777101533.462279320
T_odom_lidar: 
  -0.983861    0.143099    0.107425     3.77115
  -0.143083   -0.989679  0.00789845    0.285423
   0.107447 -0.00759972    0.994182   0.0124676
          0           0           0           1
T_world_lidar: 
  -0.983861    0.143099    0.107425     3.77115
  -0.143083   -0.989679  0.00789845    0.285423
   0.107447 -0.00759972    0.994182   0.0124676
          0           0           0           1
v_world_imu:   0.0239611  -0.0249218 -0.00180472
frame_44
id: 548
stamp: 1777101533.562119484
T_odom_lidar: 
  -0.983575    0.144362    0.108349     3.77457
  -0.144515   -0.989481  0.00648389    0.283883
   0.108146 -0.00928071    0.994092   0.0124865
          0           0           0           1
T_world_lidar: 
  -0.983575    0.144362    0.108349     3.77457
  -0.144515   -0.989481  0.00648389    0.283883
   0.108146 -0.00928071    0.994092   0.0124865
          0           0           0           1
v_world_imu:   0.0301059 -0.00487047  0.00203213
frame_45
id: 549
stamp: 1777101533.662361622
T_odom_lidar: 
  -0.983738    0.143069    0.108582     3.77559
  -0.143112   -0.989679  0.00744285    0.284771
   0.108526 -0.00821752     0.99406   0.0126219
          0           0           0           1
T_world_lidar: 
  -0.983738    0.143069    0.108582     3.77559
  -0.143112   -0.989679  0.00744285    0.284771
   0.108526 -0.00821752     0.99406   0.0126219
          0           0           0           1
v_world_imu:   -0.01139  0.0180831 0.00036329
frame_46
id: 550
stamp: 1777101533.762014389
T_odom_lidar: 
  -0.984802    0.136597    0.107271     3.77385
  -0.136469   -0.990607  0.00856792    0.286676
   0.107434 -0.00620149    0.994193   0.0126896
          0           0           0           1
T_world_lidar: 
  -0.984802    0.136597    0.107271     3.77385
  -0.136469   -0.990607  0.00856792    0.286676
   0.107434 -0.00620149    0.994193   0.0126896
          0           0           0           1
v_world_imu: -0.0120472   0.013826 0.00226435
frame_47
id: 551
stamp: 1777101533.862252474
T_odom_lidar: 
  -0.984149    0.140987    0.107582     3.77475
  -0.140903   -0.989988  0.00841989    0.284192
   0.107692 -0.00687217    0.994161   0.0126518
          0           0           0           1
T_world_lidar: 
  -0.984149    0.140987    0.107582     3.77475
  -0.140903   -0.989988  0.00841989    0.284192
   0.107692 -0.00687217    0.994161   0.0126518
          0           0           0           1
v_world_imu:  0.0132917 -0.0284947 0.00158902
frame_48
id: 552
stamp: 1777101533.962128401
T_odom_lidar: 
  -0.983987     0.14173    0.108086     3.77672
  -0.141827   -0.989868  0.00683231     0.28183
   0.107959 -0.00860661    0.994118    0.012725
          0           0           0           1
T_world_lidar: 
  -0.983987     0.14173    0.108086     3.77672
  -0.141827   -0.989868  0.00683231     0.28183
   0.107959 -0.00860661    0.994118    0.012725
          0           0           0           1
v_world_imu:  0.0121994  0.0112865 0.00440228
frame_49
id: 553
stamp: 1777101534.062084913
T_odom_lidar: 
  -0.984162    0.140988    0.107457     3.77592
  -0.140958   -0.989984  0.00791428    0.282676
   0.107497 -0.00735798    0.994178   0.0128281
          0           0           0           1
T_world_lidar: 
  -0.984162    0.140988    0.107457     3.77592
  -0.140958   -0.989984  0.00791428    0.282676
   0.107497 -0.00735798    0.994178   0.0128281
          0           0           0           1
v_world_imu:  -0.0199547  1.4414e-05 -0.00162609
frame_50
id: 554
stamp: 1777101534.162134171
T_odom_lidar: 
  -0.984398    0.139841    0.106796     3.77507
   -0.13981   -0.990148   0.0078152    0.282269
   0.106836 -0.00723781     0.99425   0.0128097
          0           0           0           1
T_world_lidar: 
  -0.984398    0.139841    0.106796     3.77507
   -0.13981   -0.990148   0.0078152    0.282269
   0.106836 -0.00723781     0.99425   0.0128097
          0           0           0           1
v_world_imu:  0.00847928 -0.00395121 0.000892583
frame_51
id: 555
stamp: 1777101534.262087345
T_odom_lidar: 
  -0.985093    0.134715    0.106971     3.77547
   -0.13456   -0.990867  0.00870078    0.284418
   0.107166 -0.00582296    0.994224   0.0131768
          0           0           0           1
T_world_lidar: 
  -0.985093    0.134715    0.106971     3.77547
   -0.13456   -0.990867  0.00870078    0.284418
   0.107166 -0.00582296    0.994224   0.0131768
          0           0           0           1
v_world_imu: 0.0125365 0.0139736 0.0024138
frame_52
id: 556
stamp: 1777101534.362148285
T_odom_lidar: 
  -0.984378    0.139879    0.106933     3.77536
  -0.139913   -0.990137  0.00722312    0.280416
   0.106889 -0.00785106     0.99424   0.0128531
          0           0           0           1
T_world_lidar: 
  -0.984378    0.139879    0.106933     3.77536
  -0.139913   -0.990137  0.00722312    0.280416
   0.106889 -0.00785106     0.99424   0.0128531
          0           0           0           1
v_world_imu: -0.00847723  -0.0299234 -0.00112223
frame_53
id: 557
stamp: 1777101534.462130785
T_odom_lidar: 
   -0.98405    0.142295    0.106757     3.77609
  -0.142395   -0.989787   0.0067245    0.278427
   0.106623 -0.00858436    0.994262   0.0129487
          0           0           0           1
T_world_lidar: 
   -0.98405    0.142295    0.106757     3.77609
  -0.142395   -0.989787   0.0067245    0.278427
   0.106623 -0.00858436    0.994262   0.0129487
          0           0           0           1
v_world_imu:  0.0142618  0.0234936 0.00514372
frame_54
id: 558
stamp: 1777101534.562117338
T_odom_lidar: 
  -0.984147    0.141271    0.107222     3.77657
  -0.141322   -0.989938  0.00716226    0.279813
   0.107155 -0.00810406    0.994209   0.0132735
          0           0           0           1
T_world_lidar: 
  -0.984147    0.141271    0.107222     3.77657
  -0.141322   -0.989938  0.00716226    0.279813
   0.107155 -0.00810406    0.994209   0.0132735
          0           0           0           1
v_world_imu: -0.00299255   0.0152534  0.00406801
frame_55
id: 559
stamp: 1777101534.662211657
T_odom_lidar: 
  -0.984014     0.14224    0.107166     3.77693
  -0.142307   -0.989797  0.00705776    0.278996
   0.107077 -0.00830557    0.994216   0.0134639
          0           0           0           1
T_world_lidar: 
  -0.984014     0.14224    0.107166     3.77693
  -0.142307   -0.989797  0.00705776    0.278996
   0.107077 -0.00830557    0.994216   0.0134639
          0           0           0           1
v_world_imu:   0.0105114 -0.00881954  0.00114652
frame_56
id: 560
stamp: 1777101534.762248755
T_odom_lidar: 
  -0.984044    0.141553    0.107798     3.77885
  -0.141639   -0.989894  0.00689836     0.27941
   0.107685 -0.00848006    0.994149   0.0138272
          0           0           0           1
T_world_lidar: 
  -0.984044    0.141553    0.107798     3.77885
  -0.141639   -0.989894  0.00689836     0.27941
   0.107685 -0.00848006    0.994149   0.0138272
          0           0           0           1
v_world_imu:  0.0134375  0.0134827 0.00452184
frame_57
id: 561
stamp: 1777101534.862303495
T_odom_lidar: 
  -0.984285    0.139946    0.107691     3.77889
  -0.139966   -0.990129  0.00740492    0.280718
   0.107664 -0.00778457    0.994157    0.014215
          0           0           0           1
T_world_lidar: 
  -0.984285    0.139946    0.107691     3.77889
  -0.139966   -0.990129  0.00740492    0.280718
   0.107664 -0.00778457    0.994157    0.014215
          0           0           0           1
v_world_imu: -0.00909712 0.000997724 0.000817479
frame_58
id: 562
stamp: 1777101534.962043285
T_odom_lidar: 
  -0.984036    0.141876    0.107443     3.77887
  -0.141958   -0.989848  0.00692557     0.27932
   0.107334 -0.00843735    0.994187   0.0142172
          0           0           0           1
T_world_lidar: 
  -0.984036    0.141876    0.107443     3.77887
  -0.141958   -0.989848  0.00692557     0.27932
   0.107334 -0.00843735    0.994187   0.0142172
          0           0           0           1
v_world_imu:  0.00469927  -0.0130521 0.000663703
frame_59
id: 563
stamp: 1777101535.062284470
T_odom_lidar: 
  -0.984088    0.141368    0.107638     3.77917
  -0.141431   -0.989923  0.00709039     0.27988
   0.107555 -0.00824574    0.994165   0.0144734
          0           0           0           1
T_world_lidar: 
  -0.984088    0.141368    0.107638     3.77917
  -0.141431   -0.989923  0.00709039     0.27988
   0.107555 -0.00824574    0.994165   0.0144734
          0           0           0           1
v_world_imu: 0.000998062   0.0181097  0.00390258
frame_60
id: 564
stamp: 1777101535.162243128
T_odom_lidar: 
  -0.984189    0.140523    0.107816     3.77968
  -0.140576   -0.990044  0.00714901    0.280553
   0.107747 -0.00812037    0.994145   0.0147258
          0           0           0           1
T_world_lidar: 
  -0.984189    0.140523    0.107816     3.77968
  -0.140576   -0.990044  0.00714901    0.280553
   0.107747 -0.00812037    0.994145   0.0147258
          0           0           0           1
v_world_imu:  0.00615215 -0.00737444  0.00103768
frame_61
id: 565
stamp: 1777101535.262187719
T_odom_lidar: 
   -0.98409    0.141394     0.10759     3.77951
  -0.141475   -0.989918  0.00691797    0.279898
   0.107483 -0.00841337    0.994171   0.0147681
          0           0           0           1
T_world_lidar: 
   -0.98409    0.141394     0.10759     3.77951
  -0.141475   -0.989918  0.00691797    0.279898
   0.107483 -0.00841337    0.994171   0.0147681
          0           0           0           1
v_world_imu: -0.00649745  0.00101053  0.00134748
frame_62
id: 566
stamp: 1777101535.362170219
T_odom_lidar: 
  -0.984048    0.141537    0.107777     3.77941
  -0.141613   -0.989897  0.00698698    0.280376
   0.107677 -0.00838711    0.994151   0.0149394
          0           0           0           1
T_world_lidar: 
  -0.984048    0.141537    0.107777     3.77941
  -0.141613   -0.989897  0.00698698    0.280376
   0.107677 -0.00838711    0.994151   0.0149394
          0           0           0           1
v_world_imu: 0.00566076 0.00560183 0.00230071
frame_63
id: 567
stamp: 1777101535.462292433
T_odom_lidar: 
  -0.984145    0.140763    0.107905     3.77975
  -0.140846   -0.990008  0.00688958    0.280663
   0.107796 -0.00841761    0.994137   0.0150506
          0           0           0           1
T_world_lidar: 
  -0.984145    0.140763    0.107905     3.77975
  -0.140846   -0.990008  0.00688958    0.280663
   0.107796 -0.00841761    0.994137   0.0150506
          0           0           0           1
v_world_imu: -0.00101535  0.00135893  0.00117533
frame_64
id: 568
stamp: 1777101535.562289476
T_odom_lidar: 
  -0.984045    0.141444    0.107927      3.7794
  -0.141538   -0.989909  0.00683093    0.280678
   0.107804 -0.00855383    0.994135   0.0150911
          0           0           0           1
T_world_lidar: 
  -0.984045    0.141444    0.107927      3.7794
  -0.141538   -0.989909  0.00683093    0.280678
   0.107804 -0.00855383    0.994135   0.0150911
          0           0           0           1
v_world_imu:  -0.00282825 -0.000298909  0.000569718
frame_65
id: 569
stamp: 1777101535.662350893
T_odom_lidar: 
  -0.984072    0.141276    0.107901     3.77945
  -0.141373   -0.989933  0.00678805    0.280751
   0.107774 -0.00857445    0.994138   0.0150993
          0           0           0           1
T_world_lidar: 
  -0.984072    0.141276    0.107901     3.77945
  -0.141373   -0.989933  0.00678805    0.280751
   0.107774 -0.00857445    0.994138   0.0150993
          0           0           0           1
v_world_imu: 0.00130193 0.00277063 0.00122064
frame_66
id: 570
stamp: 1777101535.762210369
T_odom_lidar: 
  -0.984076    0.141102    0.108092      3.7794
  -0.141208   -0.989957  0.00670683     0.28116
   0.107952 -0.00866338    0.994118   0.0152144
          0           0           0           1
T_world_lidar: 
  -0.984076    0.141102    0.108092      3.7794
  -0.141208   -0.989957  0.00670683     0.28116
   0.107952 -0.00866338    0.994118   0.0152144
          0           0           0           1
v_world_imu: -0.00266433  0.00338044  0.00109305
frame_67
id: 571
stamp: 1777101535.862375736
T_odom_lidar: 
  -0.984048    0.141323    0.108059     3.77922
  -0.141436   -0.989925  0.00665314    0.281156
   0.107911 -0.00873643    0.994122   0.0152446
          0           0           0           1
T_world_lidar: 
  -0.984048    0.141323    0.108059     3.77922
  -0.141436   -0.989925  0.00665314    0.281156
   0.107911 -0.00873643    0.994122   0.0152446
          0           0           0           1
v_world_imu: -0.000702951  -0.00170651  0.000957041
frame_68
id: 572
stamp: 1777101535.962216616
T_odom_lidar: 
  -0.984037    0.141382    0.108083     3.77911
  -0.141502   -0.989916  0.00659657     0.28129
   0.107926 -0.00880268     0.99412   0.0153442
          0           0           0           1
T_world_lidar: 
  -0.984037    0.141382    0.108083     3.77911
  -0.141502   -0.989916  0.00659657     0.28129
   0.107926 -0.00880268     0.99412   0.0153442
          0           0           0           1
v_world_imu: -0.00211295  0.00462462   0.0019578
frame_69
id: 573
stamp: 1777101536.062347174
T_odom_lidar: 
  -0.984059    0.141199     0.10812     3.77901
  -0.141322   -0.989942  0.00656179    0.281549
   0.107959 -0.00882261    0.994116   0.0154672
          0           0           0           1
T_world_lidar: 
  -0.984059    0.141199     0.10812     3.77901
  -0.141322   -0.989942  0.00656179    0.281549
   0.107959 -0.00882261    0.994116   0.0154672
          0           0           0           1
v_world_imu: -0.000262855 -0.000120796   0.00160312
frame_70
id: 574
stamp: 1777101536.162259340
T_odom_lidar: 
   -0.98403    0.141314    0.108237     3.77881
  -0.141446   -0.989925  0.00649692    0.281468
   0.108065 -0.00891658    0.994104   0.0155002
          0           0           0           1
T_world_lidar: 
   -0.98403    0.141314    0.108237     3.77881
  -0.141446   -0.989925  0.00649692    0.281468
   0.108065 -0.00891658    0.994104   0.0155002
          0           0           0           1
v_world_imu: -0.00325531 0.000761295 0.000523574
frame_71
id: 575
stamp: 1777101536.262248993
T_odom_lidar: 
  -0.984004    0.141453    0.108292     3.77872
  -0.141575   -0.989905   0.0065963    0.281581
   0.108132 -0.00884065    0.994097   0.0155395
          0           0           0           1
T_world_lidar: 
  -0.984004    0.141453    0.108292     3.77872
  -0.141575   -0.989905   0.0065963    0.281581
   0.108132 -0.00884065    0.994097   0.0155395
          0           0           0           1
v_world_imu: 0.000747786  0.00142531  0.00111328
frame_72
id: 576
stamp: 1777101536.362402678
T_odom_lidar: 
  -0.984023     0.14129    0.108336      3.7787
  -0.141411   -0.989929  0.00660256    0.281613
   0.108178 -0.00882284    0.994092   0.0155321
          0           0           0           1
T_world_lidar: 
  -0.984023     0.14129    0.108336      3.7787
  -0.141411   -0.989929  0.00660256    0.281613
   0.108178 -0.00882284    0.994092   0.0155321
          0           0           0           1
v_world_imu: -0.00226858 9.12927e-05 0.000751825
frame_73
id: 577
stamp: 1777101536.462378263
T_odom_lidar: 
  -0.983983    0.141565    0.108335     3.77848
  -0.141687   -0.989889  0.00660921    0.281513
   0.108175 -0.00884628    0.994093   0.0155223
          0           0           0           1
T_world_lidar: 
  -0.983983    0.141565    0.108335     3.77848
  -0.141687   -0.989889  0.00660921    0.281513
   0.108175 -0.00884628    0.994093   0.0155223
          0           0           0           1
v_world_imu:  -0.00173027 -0.000971171  0.000519791
frame_74
id: 578
stamp: 1777101536.562288284
T_odom_lidar: 
  -0.983981    0.141527      0.1084     3.77841
  -0.141647   -0.989895  0.00662996    0.281451
   0.108243 -0.00883079    0.994085   0.0155171
          0           0           0           1
T_world_lidar: 
  -0.983981    0.141527      0.1084     3.77841
  -0.141647   -0.989895  0.00662996    0.281451
   0.108243 -0.00883079    0.994085   0.0155171
          0           0           0           1
v_world_imu: -0.000768526  0.000478293  0.000868533
frame_75
id: 579
stamp: 1777101536.662275553
T_odom_lidar: 
  -0.983974     0.14141    0.108615      3.7783
  -0.141521   -0.989912  0.00672522    0.281424
   0.108471 -0.00875395    0.994061   0.0156027
          0           0           0           1
T_world_lidar: 
  -0.983974     0.14141    0.108615      3.7783
  -0.141521   -0.989912  0.00672522    0.281424
   0.108471 -0.00875395    0.994061   0.0156027
          0           0           0           1
v_world_imu: -0.00147517 -0.00134781  0.00110943
frame_76
id: 580
stamp: 1777101536.762419224
T_odom_lidar: 
   -0.98395     0.14162    0.108562     3.77827
  -0.141734   -0.989882  0.00670006    0.281145
   0.108413 -0.00879448    0.994067   0.0156073
          0           0           0           1
T_world_lidar: 
   -0.98395     0.14162    0.108562     3.77827
  -0.141734   -0.989882  0.00670006    0.281145
   0.108413 -0.00879448    0.994067   0.0156073
          0           0           0           1
v_world_imu: -0.000292121  -0.00216345   0.00121992
frame_77
id: 581
stamp: 1777101536.862370491
T_odom_lidar: 
  -0.983943    0.141555    0.108709     3.77827
  -0.141667   -0.989891  0.00673051    0.281039
   0.108563 -0.00877806    0.994051   0.0157832
          0           0           0           1
T_world_lidar: 
  -0.983943    0.141555    0.108709     3.77827
  -0.141667   -0.989891  0.00673051    0.281039
   0.108563 -0.00877806    0.994051   0.0157832
          0           0           0           1
