id: 2
T_world_origin: 
  -0.953348    0.282646    0.106016     1.07306
   -0.28193   -0.959183   0.0219963   -0.264504
   0.107906 -0.00891883    0.994121    0.013718
          0           0           0           1
T_origin_endpoint_L: 
   0.920281    0.391258 0.000604996     1.38002
  -0.390838    0.919218   0.0478036   -0.351306
  0.0181474  -0.0442292    0.998857   -0.159903
          0           0           0           1
T_origin_endpoint_R: 
   0.999791   0.0203386 -0.00200746    -1.85735
 -0.0203239    0.999768  0.00706345   0.0849429
 0.00215066 -0.00702117    0.999973    0.207719
          0           0           0           1
T_lidar_imu: 
     1      0      0  0.006
     0      1      0 -0.012
     0      0      1  0.008
     0      0      0      1
imu_bias: -9.84388e-05 -0.000404726  -0.00335529  2.03101e-05  -0.00036588   0.00122617
frame_id: 2
num_frames: 172
frame_0
id: 332
stamp: 1777101511.862473488
T_odom_lidar: 
  -0.985892   -0.117881    0.118829    -0.35527
   0.115829   -0.992978  -0.0240519    -0.33254
    0.12083 -0.00994864    0.992623  -0.0019862
          0           0           0           1
T_world_lidar: 
  -0.985892   -0.117881    0.118829    -0.35527
   0.115829   -0.992978  -0.0240519    -0.33254
    0.12083 -0.00994864    0.992623  -0.0019862
          0           0           0           1
v_world_imu:  -0.00874408   -0.0931945 -0.000850859
frame_1
id: 333
stamp: 1777101511.962459087
T_odom_lidar: 
  -0.989285  -0.0838696    0.119507   -0.355658
  0.0819646   -0.996419  -0.0207765   -0.341115
   0.120822  -0.0107586    0.992616 -0.00190824
          0           0           0           1
T_world_lidar: 
  -0.989285  -0.0838696    0.119507   -0.355658
  0.0819646   -0.996419  -0.0207765   -0.341115
   0.120822  -0.0107586    0.992616 -0.00190824
          0           0           0           1
v_world_imu: -0.00522192  -0.0826641 0.000789799
frame_2
id: 334
stamp: 1777101512.062291145
T_odom_lidar: 
  -0.991471   -0.050089    0.120317   -0.355349
  0.0484018   -0.998685  -0.0169062   -0.349288
   0.121006  -0.0109384    0.992592 -0.00186552
          0           0           0           1
T_world_lidar: 
  -0.991471   -0.050089    0.120317   -0.355349
  0.0484018   -0.998685  -0.0169062   -0.349288
   0.121006  -0.0109384    0.992592 -0.00186552
          0           0           0           1
v_world_imu:   0.002751 -0.0791386 0.00119276
frame_3
id: 335
stamp: 1777101512.162177563
T_odom_lidar: 
 -0.992237 -0.0274758   0.121287  -0.354856
 0.0257894  -0.999548 -0.0154529  -0.355686
  0.121657  -0.012205   0.992497 -0.0018872
         0          0          0          1
T_world_lidar: 
 -0.992237 -0.0274758   0.121287  -0.354856
 0.0257894  -0.999548 -0.0154529  -0.355686
  0.121657  -0.012205   0.992497 -0.0018872
         0          0          0          1
v_world_imu:  -0.0144562  -0.0520004 -0.00188784
frame_4
id: 336
stamp: 1777101512.262349129
T_odom_lidar: 
  -0.992759  -0.0149144    0.119191   -0.357814
  0.0136926   -0.999845  -0.0110628    -0.35756
   0.119337 -0.00935063     0.99281 -0.00174955
          0           0           0           1
T_world_lidar: 
  -0.992759  -0.0149144    0.119191   -0.357814
  0.0136926   -0.999845  -0.0110628    -0.35756
   0.119337 -0.00935063     0.99281 -0.00174955
          0           0           0           1
v_world_imu:  -0.0295984   -0.061144 -0.00581738
frame_5
id: 337
stamp: 1777101512.362379313
T_odom_lidar: 
  -0.992958  -0.0052319    0.118354   -0.358004
 0.00394773   -0.999931  -0.0110822   -0.362579
   0.118403  -0.0105369     0.99291 -0.00196252
          0           0           0           1
T_world_lidar: 
  -0.992958  -0.0052319    0.118354   -0.358004
 0.00394773   -0.999931  -0.0110822   -0.362579
   0.118403  -0.0105369     0.99291 -0.00196252
          0           0           0           1
v_world_imu:  0.0257567 -0.0391114   0.003309
frame_6
id: 338
stamp: 1777101512.462556601
T_odom_lidar: 
 -0.992903 -0.0029245   0.118889  -0.357449
0.00169556  -0.999944 -0.0104367  -0.362872
  0.118913 -0.0101611   0.992853 -0.0019124
         0          0          0          1
T_world_lidar: 
 -0.992903 -0.0029245   0.118889  -0.357449
0.00169556  -0.999944 -0.0104367  -0.362872
  0.118913 -0.0101611   0.992853 -0.0019124
         0          0          0          1
v_world_imu: -0.0211191  0.0257293 0.00124185
frame_7
id: 339
stamp: 1777101512.562602520
T_odom_lidar: 
  -0.992947 -0.00454502     0.11847   -0.358722
  0.0034777   -0.999951 -0.00921437   -0.362384
   0.118506 -0.00873738    0.992915  -0.0019292
          0           0           0           1
T_world_lidar: 
  -0.992947 -0.00454502     0.11847   -0.358722
  0.0034777   -0.999951 -0.00921437   -0.362384
   0.118506 -0.00873738    0.992915  -0.0019292
          0           0           0           1
v_world_imu:  0.00124551  -0.0188662 -0.00147895
frame_8
id: 340
stamp: 1777101512.662218094
T_odom_lidar: 
   -0.992959  -0.00071663     0.118454    -0.357885
-0.000441663    -0.999952  -0.00975186    -0.363927
    0.118456  -0.00973552     0.992912  -0.00208773
           0            0            0            1
T_world_lidar: 
   -0.992959  -0.00071663     0.118454    -0.357885
-0.000441663    -0.999952  -0.00975186    -0.363927
    0.118456  -0.00973552     0.992912  -0.00208773
           0            0            0            1
v_world_imu:   0.0111772 -0.00272425   0.0005953
frame_9
id: 341
stamp: 1777101512.762216091
T_odom_lidar: 
   -0.992896 -0.000553574     0.118987    -0.357085
-0.000663929    -0.999948   -0.0101924    -0.364028
    0.118986    -0.010199     0.992844  -0.00204895
           0            0            0            1
T_world_lidar: 
   -0.992896 -0.000553574     0.118987    -0.357085
-0.000663929    -0.999948   -0.0101924    -0.364028
    0.118986    -0.010199     0.992844  -0.00204895
           0            0            0            1
v_world_imu:  -0.014162   0.016256 0.00211269
frame_10
id: 342
stamp: 1777101512.862186193
T_odom_lidar: 
  -0.992938 -0.00243538    0.118612   -0.358485
 0.00137573   -0.999958 -0.00901477   -0.362747
   0.118629 -0.00878793      0.9929  -0.0018163
          0           0           0           1
T_world_lidar: 
  -0.992938 -0.00243538    0.118612   -0.358485
 0.00137573   -0.999958 -0.00901477   -0.362747
   0.118629 -0.00878793      0.9929  -0.0018163
          0           0           0           1
v_world_imu: -0.00291206  0.00684327  0.00173297
frame_11
id: 343
stamp: 1777101512.962391615
T_odom_lidar: 
   -0.99291 -0.00123282    0.118862   -0.357565
7.76905e-05   -0.999953 -0.00972237    -0.36291
   0.118869  -0.0096442    0.992863 -0.00177257
          0           0           0           1
T_world_lidar: 
   -0.99291 -0.00123282    0.118862   -0.357565
7.76905e-05   -0.999953 -0.00972237    -0.36291
   0.118869  -0.0096442    0.992863 -0.00177257
          0           0           0           1
v_world_imu:   0.00707262 -0.000742956   0.00163535
frame_12
id: 344
stamp: 1777101513.062264442
T_odom_lidar: 
   -0.992883 -0.000679487     0.119091    -0.356647
-0.000488845    -0.999952  -0.00978091    -0.362628
    0.119092  -0.00976952     0.992835  -0.00161003
           0            0            0            1
T_world_lidar: 
   -0.992883 -0.000679487     0.119091    -0.356647
-0.000488845    -0.999952  -0.00978091    -0.362628
    0.119092  -0.00976952     0.992835  -0.00161003
           0            0            0            1
v_world_imu:   0.0235098   -0.017557 0.000334765
frame_13
id: 345
stamp: 1777101513.162091732
T_odom_lidar: 
    -0.99303  -0.00034293     0.117862    -0.358715
-0.000793912    -0.999954  -0.00959845    -0.362364
     0.11786  -0.00962512     0.992984   -0.0017358
           0            0            0            1
T_world_lidar: 
    -0.99303  -0.00034293     0.117862    -0.358715
-0.000793912    -0.999954  -0.00959845    -0.362364
     0.11786  -0.00962512     0.992984   -0.0017358
           0            0            0            1
v_world_imu:  -0.0379336 -0.00153455 -0.00263275
frame_14
id: 346
stamp: 1777101513.262141705
T_odom_lidar: 
  -0.993092 -0.00192822    0.117322   -0.359917
0.000760374    -0.99995 -0.00999814   -0.362152
   0.117335 -0.00983986    0.993044 -0.00187592
          0           0           0           1
T_world_lidar: 
  -0.993092 -0.00192822    0.117322   -0.359917
0.000760374    -0.99995 -0.00999814   -0.362152
   0.117335 -0.00983986    0.993044 -0.00187592
          0           0           0           1
v_world_imu:  0.00372183 0.000351647 0.000307273
frame_15
id: 347
stamp: 1777101513.362113953
T_odom_lidar: 
  -0.993063 -0.00398869    0.117512   -0.359759
 0.00281281   -0.999944  -0.0101706   -0.361058
   0.117546  -0.0097695    0.993019 -0.00188333
          0           0           0           1
T_world_lidar: 
  -0.993063 -0.00398869    0.117512   -0.359759
 0.00281281   -0.999944  -0.0101706   -0.361058
   0.117546  -0.0097695    0.993019 -0.00188333
          0           0           0           1
v_world_imu: -0.00619364   0.0154507 0.000551371
frame_16
id: 348
stamp: 1777101513.462388277
T_odom_lidar: 
  -0.993101 -0.00880654    0.116935    -0.36105
 0.00768383    -0.99992  -0.0100484    -0.35939
   0.117014 -0.00908061    0.993089 -0.00201291
          0           0           0           1
T_world_lidar: 
  -0.993101 -0.00880654    0.116935    -0.36105
 0.00768383    -0.99992  -0.0100484    -0.35939
   0.117014 -0.00908061    0.993089 -0.00201291
          0           0           0           1
v_world_imu:  -0.0166189   0.0148661 -0.00273851
frame_17
id: 349
stamp: 1777101513.562043428
T_odom_lidar: 
  -0.993242  -0.0142981    0.115181   -0.362224
  0.0138641   -0.999893 -0.00456776   -0.356076
   0.115234 -0.00294002    0.993334 -0.00142654
          0           0           0           1
T_world_lidar: 
  -0.993242  -0.0142981    0.115181   -0.362224
  0.0138641   -0.999893 -0.00456776   -0.356076
   0.115234 -0.00294002    0.993334 -0.00142654
          0           0           0           1
v_world_imu: 0.00149127  -0.120519 -0.0076566
frame_18
id: 350
stamp: 1777101513.662057638
T_odom_lidar: 
   -0.99353 -0.00609689     0.11341   -0.356697
 0.00533628   -0.999961 -0.00700911    -0.36914
   0.113448 -0.00635858    0.993524 -0.00170149
          0           0           0           1
T_world_lidar: 
   -0.99353 -0.00609689     0.11341   -0.356697
 0.00533628   -0.999961 -0.00700911    -0.36914
   0.113448 -0.00635858    0.993524 -0.00170149
          0           0           0           1
v_world_imu:     0.103281    -0.152279 -0.000521162
frame_19
id: 351
stamp: 1777101513.762285709
T_odom_lidar: 
  -0.993524 -0.00371375    0.113561   -0.343364
 0.00269749   -0.999955 -0.00910133   -0.380295
    0.11359 -0.00873606    0.993489  -0.0014963
          0           0           0           1
T_world_lidar: 
  -0.993524 -0.00371375    0.113561   -0.343364
 0.00269749   -0.999955 -0.00910133   -0.380295
    0.11359 -0.00873606    0.993489  -0.0014963
          0           0           0           1
v_world_imu:    0.16093  -0.103355 0.00153014
frame_20
id: 352
stamp: 1777101513.862118959
T_odom_lidar: 
   -0.993544 -0.000835945     0.113441    -0.328394
-0.000224089    -0.999956  -0.00933127    -0.386436
    0.113444  -0.00929645     0.993501  -0.00134137
           0            0            0            1
T_world_lidar: 
   -0.993544 -0.000835945     0.113441    -0.328394
-0.000224089    -0.999956  -0.00933127    -0.386436
    0.113444  -0.00929645     0.993501  -0.00134137
           0            0            0            1
v_world_imu:   0.158562 -0.0353849 0.00222711
frame_21
id: 353
stamp: 1777101513.962275028
T_odom_lidar: 
   -0.993527 -0.000365024     0.113595    -0.313846
-0.000785801    -0.999949    -0.010086    -0.388719
    0.113593   -0.0101099     0.993476   -0.0011733
           0            0            0            1
T_world_lidar: 
   -0.993527 -0.000365024     0.113595    -0.313846
-0.000785801    -0.999949    -0.010086    -0.388719
    0.113593   -0.0101099     0.993476   -0.0011733
           0            0            0            1
v_world_imu:   0.135388   0.024322 0.00468308
frame_22
id: 354
stamp: 1777101514.062799454
T_odom_lidar: 
   -0.993476  -0.00509245     0.113924    -0.297889
  0.00409344    -0.999951  -0.00900131    -0.389073
    0.113964  -0.00847625     0.993449 -0.000676602
           0            0            0            1
T_world_lidar: 
   -0.993476  -0.00509245     0.113924    -0.297889
  0.00409344    -0.999951  -0.00900131    -0.389073
    0.113964  -0.00847625     0.993449 -0.000676602
           0            0            0            1
v_world_imu:   0.186265 -0.0260827 0.00242172
frame_23
id: 355
stamp: 1777101514.162240982
T_odom_lidar: 
    -0.99353  0.000365534     0.113571    -0.280497
 -0.00167857    -0.999933    -0.011466     -0.39359
    0.113559   -0.0115824     0.993464 -0.000853143
           0            0            0            1
T_world_lidar: 
    -0.99353  0.000365534     0.113571    -0.280497
 -0.00167857    -0.999933    -0.011466     -0.39359
    0.113559   -0.0115824     0.993464 -0.000853143
           0            0            0            1
v_world_imu:   0.153351 -0.0355833 -0.0015661
frame_24
id: 356
stamp: 1777101514.262949467
T_odom_lidar: 
   -0.993553  -0.00170372      0.11336    -0.266436
  0.00033564    -0.999927   -0.0120864    -0.395468
    0.113372   -0.0119705      0.99348 -0.000728753
           0            0            0            1
T_world_lidar: 
   -0.993553  -0.00170372      0.11336    -0.266436
  0.00033564    -0.999927   -0.0120864    -0.395468
    0.113372   -0.0119705      0.99348 -0.000728753
           0            0            0            1
v_world_imu:   0.119698 0.00789091 0.00206969
frame_25
id: 357
stamp: 1777101514.362717867
T_odom_lidar: 
   -0.993556   -0.0052156     0.113218    -0.255152
  0.00392529    -0.999925   -0.0116166    -0.395542
     0.11327   -0.0110973     0.993502 -0.000621569
           0            0            0            1
T_world_lidar: 
   -0.993556   -0.0052156     0.113218    -0.255152
  0.00392529    -0.999925   -0.0116166    -0.395542
     0.11327   -0.0110973     0.993502 -0.000621569
           0            0            0            1
v_world_imu:     0.114355   -0.0194289 -0.000357839
frame_26
id: 358
stamp: 1777101514.462821245
T_odom_lidar: 
   -0.993649  -0.00576412     0.112373    -0.242033
  0.00451788    -0.999925   -0.0113417    -0.398032
     0.11243    -0.010762     0.993601 -0.000722659
           0            0            0            1
T_world_lidar: 
   -0.993649  -0.00576412     0.112373    -0.242033
  0.00451788    -0.999925   -0.0113417    -0.398032
     0.11243    -0.010762     0.993601 -0.000722659
           0            0            0            1
v_world_imu:   0.166179 -0.0390726 1.8464e-05
frame_27
id: 359
stamp: 1777101514.562132359
T_odom_lidar: 
   -0.993626   -0.0055166     0.112589    -0.224089
  0.00414871    -0.999915   -0.0123802    -0.400675
    0.112647   -0.0118342     0.993565 -0.000713132
           0            0            0            1
T_world_lidar: 
   -0.993626   -0.0055166     0.112589    -0.224089
  0.00414871    -0.999915   -0.0123802    -0.400675
    0.112647   -0.0118342     0.993565 -0.000713132
           0            0            0            1
v_world_imu:   0.184875 -0.0201165 0.00037018
frame_28
id: 360
stamp: 1777101514.662059069
T_odom_lidar: 
   -0.993591  -0.00659129     0.112842    -0.205293
  0.00514876    -0.999901   -0.0130702    -0.402724
    0.112917   -0.0124055     0.993527 -0.000616923
           0            0            0            1
T_world_lidar: 
   -0.993591  -0.00659129     0.112842    -0.205293
  0.00514876    -0.999901   -0.0130702    -0.402724
    0.112917   -0.0124055     0.993527 -0.000616923
           0            0            0            1
v_world_imu:    0.158079  -0.0125024 0.000355195
frame_29
id: 361
stamp: 1777101514.762153387
T_odom_lidar: 
   -0.993705  -0.00824089     0.111727    -0.191716
  0.00693248    -0.999903   -0.0120942     -0.40392
    0.111816   -0.0112435     0.993665 -0.000432961
           0            0            0            1
T_world_lidar: 
   -0.993705  -0.00824089     0.111727    -0.191716
  0.00693248    -0.999903   -0.0120942     -0.40392
    0.111816   -0.0112435     0.993665 -0.000432961
           0            0            0            1
v_world_imu:   0.138328  -0.012186 0.00623629
frame_30
id: 362
stamp: 1777101514.862082958
T_odom_lidar: 
  -0.993821 -0.00920846    0.110612   -0.174832
 0.00795231   -0.999899  -0.0117922    -0.40581
   0.110709  -0.0108397    0.993794 3.88282e-05
          0           0           0           1
T_world_lidar: 
  -0.993821 -0.00920846    0.110612   -0.174832
 0.00795231   -0.999899  -0.0117922    -0.40581
   0.110709  -0.0108397    0.993794 3.88282e-05
          0           0           0           1
v_world_imu:   0.212697 -0.0350604 0.00540567
frame_31
id: 363
stamp: 1777101514.962139606
T_odom_lidar: 
  -0.993786 -0.00768872    0.111046   -0.151807
 0.00631771   -0.999899  -0.0126929   -0.408042
   0.111132  -0.0119125    0.993734 0.000463608
          0           0           0           1
T_world_lidar: 
  -0.993786 -0.00768872    0.111046   -0.151807
 0.00631771   -0.999899  -0.0126929   -0.408042
   0.111132  -0.0119125    0.993734 0.000463608
          0           0           0           1
v_world_imu:   0.230957 -0.0198011 0.00198019
frame_32
id: 364
stamp: 1777101515.062226295
T_odom_lidar: 
  -0.993923 -0.00455879    0.109987    -0.12967
 0.00315307   -0.999911  -0.0129514    -0.41108
   0.110036  -0.0125259    0.993849 0.000664901
          0           0           0           1
T_world_lidar: 
  -0.993923 -0.00455879    0.109987    -0.12967
 0.00315307   -0.999911  -0.0129514    -0.41108
   0.110036  -0.0125259    0.993849 0.000664901
          0           0           0           1
v_world_imu:    0.201107  -0.0455774 -0.00866641
frame_33
id: 365
stamp: 1777101515.162177563
T_odom_lidar: 
  -0.993812  0.00635537    0.110892   -0.103545
-0.00783526   -0.999886  -0.0129146   -0.415416
   0.110798  -0.0137036    0.993749 0.000823678
          0           0           0           1
T_world_lidar: 
  -0.993812  0.00635537    0.110892   -0.103545
-0.00783526   -0.999886  -0.0129146   -0.415416
   0.110798  -0.0137036    0.993749 0.000823678
          0           0           0           1
v_world_imu:   0.288226 -0.0171358 0.00914139
frame_34
id: 366
stamp: 1777101515.262066841
T_odom_lidar: 
 -0.993067  0.0322635   0.113037 -0.0750721
-0.0334649  -0.999402  -0.008747  -0.420311
  0.112687 -0.0124691   0.993552 0.00142763
         0          0          0          1
T_world_lidar: 
 -0.993067  0.0322635   0.113037 -0.0750721
-0.0334649  -0.999402  -0.008747  -0.420311
  0.112687 -0.0124691   0.993552 0.00142763
         0          0          0          1
v_world_imu:    0.29263 -0.0739963  0.0144818
frame_35
id: 367
stamp: 1777101515.362226725
T_odom_lidar: 
  -0.991181   0.0670592    0.114293  -0.0465844
  -0.067997   -0.997676 -0.00432235   -0.429028
   0.113738  -0.0120558    0.993438  0.00182077
          0           0           0           1
T_world_lidar: 
  -0.991181   0.0670592    0.114293  -0.0465844
  -0.067997   -0.997676 -0.00432235   -0.429028
   0.113738  -0.0120558    0.993438  0.00182077
          0           0           0           1
v_world_imu:    0.277612   -0.131118 0.000187287
frame_36
id: 368
stamp: 1777101515.462264061
T_odom_lidar: 
   -0.987798     0.104946     0.115068   -0.0194659
   -0.105719    -0.994396 -0.000626718     -0.43834
    0.114357    -0.012784     0.993357   0.00167703
           0            0            0            1
T_world_lidar: 
   -0.987798     0.104946     0.115068   -0.0194659
   -0.105719    -0.994396 -0.000626718     -0.43834
    0.114357    -0.012784     0.993357   0.00167703
           0            0            0            1
v_world_imu:   0.278896 -0.0849086 0.00224058
frame_37
id: 369
stamp: 1777101515.562152624
T_odom_lidar: 
   -0.9833   0.139312   0.117102 0.00949936
 -0.139864  -0.990164 0.00352839  -0.444789
  0.116441 -0.0129089   0.993114 0.00205964
         0          0          0          1
T_world_lidar: 
   -0.9833   0.139312   0.117102 0.00949936
 -0.139864  -0.990164 0.00352839  -0.444789
  0.116441 -0.0129089   0.993114 0.00205964
         0          0          0          1
v_world_imu:   0.282536 -0.0614773 0.00485274
frame_38
id: 370
stamp: 1777101515.662245035
T_odom_lidar: 
 -0.977211   0.175856   0.118881  0.0382056
 -0.176261  -0.984317 0.00718402  -0.451451
   0.11828 -0.0139338   0.992883 0.00239282
         0          0          0          1
T_world_lidar: 
 -0.977211   0.175856   0.118881  0.0382056
 -0.176261  -0.984317 0.00718402  -0.451451
   0.11828 -0.0139338   0.992883 0.00239282
         0          0          0          1
v_world_imu:   0.268159 -0.0644798 0.00175347
frame_39
id: 371
stamp: 1777101515.762201786
T_odom_lidar: 
 -0.970263   0.210817   0.118941    0.06548
 -0.210953  -0.977428  0.0115899  -0.457009
  0.118699 -0.0138456   0.992834 0.00255752
         0          0          0          1
T_world_lidar: 
 -0.970263   0.210817   0.118941    0.06548
 -0.210953  -0.977428  0.0115899  -0.457009
  0.118699 -0.0138456   0.992834 0.00255752
         0          0          0          1
v_world_imu:    0.282716  -0.0519682 0.000285779
frame_40
id: 372
stamp: 1777101515.862295389
T_odom_lidar: 
 -0.962624   0.243391   0.118807  0.0938397
 -0.243154  -0.969844  0.0167119  -0.461038
  0.119291  -0.012801   0.992777 0.00276194
         0          0          0          1
T_world_lidar: 
 -0.962624   0.243391   0.118807  0.0938397
 -0.243154  -0.969844  0.0167119  -0.461038
  0.119291  -0.012801   0.992777 0.00276194
         0          0          0          1
v_world_imu:   0.301355  -0.063365 0.00419156
frame_41
id: 373
stamp: 1777101515.962247133
T_odom_lidar: 
 -0.956862   0.265442   0.118136   0.119197
  -0.26484  -0.964062  0.0210586  -0.462523
   0.11948 -0.0111369   0.992774 0.00285784
         0          0          0          1
T_world_lidar: 
 -0.956862   0.265442   0.118136   0.119197
  -0.26484  -0.964062  0.0210586  -0.462523
   0.11948 -0.0111369   0.992774 0.00285784
         0          0          0          1
v_world_imu:     0.19028  0.00348298 -0.00487798
frame_42
id: 374
stamp: 1777101516.062324524
T_odom_lidar: 
 -0.951293    0.28514   0.117208   0.144812
 -0.284913  -0.958364   0.019047  -0.466941
  0.117759 -0.0152747   0.992925 0.00209147
         0          0          0          1
T_world_lidar: 
 -0.951293    0.28514   0.117208   0.144812
 -0.284913  -0.958364   0.019047  -0.466941
  0.117759 -0.0152747   0.992925 0.00209147
         0          0          0          1
v_world_imu:    0.267188   -0.021512 -0.00640348
frame_43
id: 375
stamp: 1777101516.162271738
T_odom_lidar: 
 -0.949764   0.290288   0.116968   0.167644
 -0.290246  -0.956787  0.0177788   -0.46466
  0.117074 -0.0170637   0.992977 0.00182067
         0          0          0          1
T_world_lidar: 
 -0.949764   0.290288   0.116968   0.167644
 -0.290246  -0.956787  0.0177788   -0.46466
  0.117074 -0.0170637   0.992977 0.00182067
         0          0          0          1
v_world_imu:  0.207686 0.0912315 0.0039726
frame_44
id: 376
stamp: 1777101516.262228251
T_odom_lidar: 
 -0.949975   0.289007   0.118418   0.190516
 -0.288976  -0.957171  0.0178057  -0.458618
  0.118492 -0.0173049   0.992804 0.00187701
         0          0          0          1
T_world_lidar: 
 -0.949975   0.289007   0.118418   0.190516
 -0.288976  -0.957171  0.0178057  -0.458618
  0.118492 -0.0173049   0.992804 0.00187701
         0          0          0          1
v_world_imu:    0.215371   0.0274786 -0.00775391
frame_45
id: 377
stamp: 1777101516.362437248
T_odom_lidar: 
  -0.948497    0.294351    0.117096    0.208493
  -0.294539   -0.955504   0.0160999   -0.458129
   0.116625  -0.0192187     0.99299 0.000856378
          0           0           0           1
T_world_lidar: 
  -0.948497    0.294351    0.117096    0.208493
  -0.294539   -0.955504   0.0160999   -0.458129
   0.116625  -0.0192187     0.99299 0.000856378
          0           0           0           1
v_world_imu:    0.157102  0.00489152 -0.00591393
frame_46
id: 378
stamp: 1777101516.462289333
T_odom_lidar: 
  -0.948606    0.294414    0.116048     0.22221
  -0.294578   -0.955491   0.0161295   -0.454845
   0.115631  -0.0188846    0.993113 0.000892727
          0           0           0           1
T_world_lidar: 
  -0.948606    0.294414    0.116048     0.22221
  -0.294578   -0.955491   0.0161295   -0.454845
   0.115631  -0.0188846    0.993113 0.000892727
          0           0           0           1
v_world_imu:   0.126844  0.0512935 0.00103057
frame_47
id: 379
stamp: 1777101516.562320471
T_odom_lidar: 
 -0.949467   0.292236   0.114501   0.237995
 -0.292211  -0.956196  0.0173857  -0.450134
  0.114567 -0.0169514   0.993271 0.00112623
         0          0          0          1
T_world_lidar: 
 -0.949467   0.292236   0.114501   0.237995
 -0.292211  -0.956196  0.0173857  -0.450134
  0.114567 -0.0169514   0.993271 0.00112623
         0          0          0          1
v_world_imu:    0.199484   0.0359549 0.000110204
frame_48
id: 380
stamp: 1777101516.662415266
T_odom_lidar: 
 -0.948548   0.295215   0.114478   0.259534
 -0.295336  -0.955254  0.0162888  -0.446808
  0.114164 -0.0183587   0.993292  0.0011201
         0          0          0          1
T_world_lidar: 
 -0.948548   0.295215   0.114478   0.259534
 -0.295336  -0.955254  0.0162888  -0.446808
  0.114164 -0.0183587   0.993292  0.0011201
         0          0          0          1
v_world_imu:    0.204956   0.0462685 0.000991798
frame_49
id: 381
stamp: 1777101516.762241840
T_odom_lidar: 
 -0.949268   0.293241   0.113576   0.279336
 -0.293299  -0.955877  0.0165776  -0.441692
  0.113426 -0.0175751   0.993391 0.00122199
         0          0          0          1
T_world_lidar: 
 -0.949268   0.293241   0.113576   0.279336
 -0.293299  -0.955877  0.0165776  -0.441692
  0.113426 -0.0175751   0.993391 0.00122199
         0          0          0          1
v_world_imu:    0.210254     0.04834 0.000778425
frame_50
id: 382
stamp: 1777101516.862261295
T_odom_lidar: 
  -0.94939     0.2931   0.112923   0.300912
 -0.293205  -0.955915  0.0160518  -0.437374
   0.11265 -0.0178702   0.993474   0.001184
         0          0          0          1
T_world_lidar: 
  -0.94939     0.2931   0.112923   0.300912
 -0.293205  -0.955915  0.0160518  -0.437374
   0.11265 -0.0178702   0.993474   0.001184
         0          0          0          1
v_world_imu:    0.223277   0.0395143 -0.00116696
frame_51
id: 383
stamp: 1777101516.962338686
T_odom_lidar: 
 -0.949689   0.292174   0.112806   0.323784
 -0.292337   -0.95619  0.0154716  -0.433023
  0.112384  -0.018284   0.993497 0.00126864
         0          0          0          1
T_world_lidar: 
 -0.949689   0.292174   0.112806   0.323784
 -0.292337   -0.95619  0.0154716  -0.433023
  0.112384  -0.018284   0.993497 0.00126864
         0          0          0          1
v_world_imu:    0.219743   0.0472943 0.000187346
frame_52
id: 384
stamp: 1777101517.062341213
T_odom_lidar: 
 -0.950054    0.29108   0.112557    0.34666
 -0.291227  -0.956528  0.0155037   -0.42791
  0.112177 -0.0180501   0.993524  0.0013594
         0          0          0          1
T_world_lidar: 
 -0.950054    0.29108   0.112557    0.34666
 -0.291227  -0.956528  0.0155037   -0.42791
  0.112177 -0.0180501   0.993524  0.0013594
         0          0          0          1
v_world_imu:   0.248072  0.0526429 0.00366411
frame_53
id: 385
stamp: 1777101517.162271023
T_odom_lidar: 
 -0.950439   0.290021   0.112041   0.369442
 -0.290079  -0.956866  0.0161468  -0.422522
  0.111891 -0.0171542   0.993572 0.00149578
         0          0          0          1
T_world_lidar: 
 -0.950439   0.290021   0.112041   0.369442
 -0.290079  -0.956866  0.0161468  -0.422522
  0.111891 -0.0171542   0.993572 0.00149578
         0          0          0          1
v_world_imu:    0.221073   0.0538968 0.000156446
frame_54
id: 386
stamp: 1777101517.262368441
T_odom_lidar: 
 -0.950949   0.288369   0.111979   0.391973
 -0.288364  -0.957377  0.0165903   -0.41694
   0.11199 -0.0165142   0.993572 0.00170015
         0          0          0          1
T_world_lidar: 
 -0.950949   0.288369   0.111979   0.391973
 -0.288364  -0.957377  0.0165903   -0.41694
   0.11199 -0.0165142   0.993572 0.00170015
         0          0          0          1
v_world_imu:     0.200535    0.0606834 -0.000450544
frame_55
id: 387
stamp: 1777101517.362312555
T_odom_lidar: 
 -0.951405   0.287065   0.111451   0.413237
 -0.286974  -0.957784  0.0172083  -0.411802
  0.111686 -0.0156115   0.993621 0.00179806
         0          0          0          1
T_world_lidar: 
 -0.951405   0.287065   0.111451   0.413237
 -0.286974  -0.957784  0.0172083  -0.411802
  0.111686 -0.0156115   0.993621 0.00179806
         0          0          0          1
v_world_imu:  0.221261  0.044883 0.0024918
frame_56
id: 388
stamp: 1777101517.462310314
T_odom_lidar: 
 -0.951915   0.285714   0.110569   0.433692
 -0.285502  -0.958207  0.0180817  -0.406857
  0.111115 -0.0143556   0.993704  0.0018828
         0          0          0          1
T_world_lidar: 
 -0.951915   0.285714   0.110569   0.433692
 -0.285502  -0.958207  0.0180817  -0.406857
  0.111115 -0.0143556   0.993704  0.0018828
         0          0          0          1
v_world_imu:     0.215511    0.0411691 -0.000453741
frame_57
id: 389
stamp: 1777101517.562328100
T_odom_lidar: 
 -0.952286   0.284412    0.11073   0.455215
 -0.284202  -0.958595  0.0180074  -0.402407
  0.111267 -0.0143216   0.993687 0.00199689
         0          0          0          1
T_world_lidar: 
 -0.952286   0.284412    0.11073   0.455215
 -0.284202  -0.958595  0.0180074  -0.402407
  0.111267 -0.0143216   0.993687 0.00199689
         0          0          0          1
v_world_imu:   0.188704  0.0546315 0.00291827
frame_58
id: 390
stamp: 1777101517.662388563
T_odom_lidar: 
 -0.952801   0.282984   0.109952   0.475715
 -0.282756  -0.959023  0.0179895   -0.39798
  0.110538 -0.0139493   0.993774 0.00199283
         0          0          0          1
T_world_lidar: 
 -0.952801   0.282984   0.109952   0.475715
 -0.282756  -0.959023  0.0179895   -0.39798
  0.110538 -0.0139493   0.993774 0.00199283
         0          0          0          1
v_world_imu:    0.233312   0.0374597 -0.00260172
frame_59
id: 391
stamp: 1777101517.762480021
T_odom_lidar: 
 -0.953085   0.281959   0.110129   0.500184
 -0.281804  -0.959316  0.0172981  -0.393825
  0.110526 -0.0145483   0.993767 0.00202208
         0          0          0          1
T_world_lidar: 
 -0.953085   0.281959   0.110129   0.500184
 -0.281804  -0.959316  0.0172981  -0.393825
  0.110526 -0.0145483   0.993767 0.00202208
         0          0          0          1
v_world_imu:  0.239031  0.050371 0.0021977
frame_60
id: 392
stamp: 1777101517.862371445
T_odom_lidar: 
  -0.95366   0.280481    0.10892    0.52359
 -0.280209  -0.959768   0.018116   -0.38784
  0.109619 -0.0132438   0.993885 0.00207296
         0          0          0          1
T_world_lidar: 
  -0.95366   0.280481    0.10892    0.52359
 -0.280209  -0.959768   0.018116   -0.38784
  0.109619 -0.0132438   0.993885 0.00207296
         0          0          0          1
v_world_imu:   0.240858  0.0586099 0.00181879
frame_61
id: 393
stamp: 1777101517.962384939
T_odom_lidar: 
  -0.953797     0.28009    0.108725    0.548447
  -0.279804   -0.959885   0.0181857   -0.382461
   0.109457  -0.0130763    0.993905 0.000926663
          0           0           0           1
T_world_lidar: 
  -0.953797     0.28009    0.108725    0.548447
  -0.279804   -0.959885   0.0181857   -0.382461
   0.109457  -0.0130763    0.993905 0.000926663
          0           0           0           1
v_world_imu:   0.237567  0.0494176 0.00138869
frame_62
id: 394
stamp: 1777101518.062460423
T_odom_lidar: 
 -0.953811   0.280323   0.108001   0.572062
 -0.280048  -0.959817  0.0180192  -0.377693
  0.108712 -0.0130584   0.993988 0.00100274
         0          0          0          1
T_world_lidar: 
 -0.953811   0.280323   0.108001   0.572062
 -0.280048  -0.959817  0.0180192  -0.377693
  0.108712 -0.0130584   0.993988 0.00100274
         0          0          0          1
v_world_imu:   0.256459  0.0451833 0.00437343
frame_63
id: 395
stamp: 1777101518.162580013
T_odom_lidar: 
 -0.954186   0.279152   0.107716   0.595818
 -0.278863  -0.960161  0.0180518  -0.372554
  0.108464 -0.0128132   0.994018 0.00121762
         0          0          0          1
T_world_lidar: 
 -0.954186   0.279152   0.107716   0.595818
 -0.278863  -0.960161  0.0180518  -0.372554
  0.108464 -0.0128132   0.994018 0.00121762
         0          0          0          1
v_world_imu:   0.236131  0.0547429 0.00162023
frame_64
id: 396
stamp: 1777101518.262493134
T_odom_lidar: 
 -0.954315   0.278373   0.108587   0.619708
  -0.27809  -0.960385  0.0180521  -0.367261
  0.109311 -0.0129695   0.993923 0.00151289
         0          0          0          1
T_world_lidar: 
 -0.954315   0.278373   0.108587   0.619708
  -0.27809  -0.960385  0.0180521  -0.367261
  0.109311 -0.0129695   0.993923 0.00151289
         0          0          0          1
v_world_imu:   0.215777  0.0435481 0.00372634
frame_65
id: 397
stamp: 1777101518.362588167
T_odom_lidar: 
 -0.954662   0.277631   0.107427   0.637521
 -0.277318  -0.960607  0.0181467  -0.363258
  0.108233 -0.0124674   0.994047 0.00152926
         0          0          0          1
T_world_lidar: 
 -0.954662   0.277631   0.107427   0.637521
 -0.277318  -0.960607  0.0181467  -0.363258
  0.108233 -0.0124674   0.994047 0.00152926
         0          0          0          1
v_world_imu:   0.181128  0.0256062 0.00356194
frame_66
id: 398
stamp: 1777101518.462541580
T_odom_lidar: 
  -0.95511   0.276182   0.107188   0.654105
 -0.275858  -0.961027  0.0181366  -0.359462
  0.108019 -0.0122462   0.994073  0.0018522
         0          0          0          1
T_world_lidar: 
  -0.95511   0.276182   0.107188   0.654105
 -0.275858  -0.961027  0.0181366  -0.359462
  0.108019 -0.0122462   0.994073  0.0018522
         0          0          0          1
v_world_imu:    0.15556  0.0465254 0.00317036
frame_67
id: 399
stamp: 1777101518.562431812
T_odom_lidar: 
 -0.955209   0.275787   0.107321   0.670884
 -0.275428  -0.961145  0.0184511  -0.355298
   0.10824 -0.0119346   0.994053 0.00219936
         0          0          0          1
T_world_lidar: 
 -0.955209   0.275787   0.107321   0.670884
 -0.275428  -0.961145  0.0184511  -0.355298
   0.10824 -0.0119346   0.994053 0.00219936
         0          0          0          1
v_world_imu:   0.169291  0.0420915 0.00200824
frame_68
id: 400
stamp: 1777101518.662588835
T_odom_lidar: 
 -0.955099   0.276053   0.107614   0.689599
 -0.275682  -0.961069  0.0186049  -0.351511
   0.10856 -0.0118977   0.994019 0.00246998
         0          0          0          1
T_world_lidar: 
 -0.955099   0.276053   0.107614   0.689599
 -0.275682  -0.961069  0.0186049  -0.351511
   0.10856 -0.0118977   0.994019 0.00246998
         0          0          0          1
v_world_imu:   0.192225  0.0412927 0.00251172
frame_69
id: 401
stamp: 1777101518.762598753
T_odom_lidar: 
 -0.955106   0.275753   0.108321   0.705027
   -0.2754  -0.961152  0.0185089  -0.348069
  0.109216 -0.0121535   0.993944 0.00262942
         0          0          0          1
T_world_lidar: 
 -0.955106   0.275753   0.108321   0.705027
   -0.2754  -0.961152  0.0185089  -0.348069
  0.109216 -0.0121535   0.993944 0.00262942
         0          0          0          1
v_world_imu:    0.101525    0.043159 -0.00183725
frame_70
id: 402
stamp: 1777101518.862488270
T_odom_lidar: 
 -0.955389   0.275713   0.105895   0.717725
 -0.275309  -0.961174  0.0187025  -0.345615
   0.10694 -0.0112856   0.994201 0.00259972
         0          0          0          1
T_world_lidar: 
 -0.955389   0.275713   0.105895   0.717725
 -0.275309  -0.961174  0.0187025  -0.345615
   0.10694 -0.0112856   0.994201 0.00259972
         0          0          0          1
v_world_imu:    0.194174   0.0458949 9.11141e-05
frame_71
id: 403
stamp: 1777101518.962495804
T_odom_lidar: 
 -0.954944    0.27661   0.107556   0.740996
 -0.276276  -0.960904  0.0182946  -0.341179
  0.108411 -0.0122447   0.994031 0.00290884
         0          0          0          1
T_world_lidar: 
 -0.954944    0.27661   0.107556   0.740996
 -0.276276  -0.960904  0.0182946  -0.341179
  0.108411 -0.0122447   0.994031 0.00290884
         0          0          0          1
v_world_imu:    0.218351   0.0702294 -0.00037113
frame_72
id: 404
stamp: 1777101519.062526941
T_odom_lidar: 
 -0.955753   0.273848   0.107444   0.762911
 -0.273483  -0.961701  0.0184089  -0.335619
   0.10837 -0.0117897   0.994041 0.00305463
         0          0          0          1
T_world_lidar: 
 -0.955753   0.273848   0.107444   0.762911
 -0.273483  -0.961701  0.0184089  -0.335619
   0.10837 -0.0117897   0.994041 0.00305463
         0          0          0          1
v_world_imu:     0.217757    0.0464642 -0.000813844
frame_73
id: 405
stamp: 1777101519.162683487
T_odom_lidar: 
 -0.955469   0.275051   0.106897   0.783263
 -0.274814  -0.961343  0.0172255  -0.333148
  0.107502 -0.0129183   0.994121 0.00284078
         0          0          0          1
T_world_lidar: 
 -0.955469   0.275051   0.106897   0.783263
 -0.274814  -0.961343  0.0172255  -0.333148
  0.107502 -0.0129183   0.994121 0.00284078
         0          0          0          1
v_world_imu:    0.184756   0.0386394 -0.00333324
frame_74
id: 406
stamp: 1777101519.262476683
T_odom_lidar: 
 -0.955381   0.275209   0.107274   0.803376
 -0.274989  -0.961295  0.0171362  -0.328975
  0.107838 -0.0131275   0.994082 0.00292557
         0          0          0          1
T_world_lidar: 
 -0.955381   0.275209   0.107274   0.803376
 -0.274989  -0.961295  0.0171362  -0.328975
  0.107838 -0.0131275   0.994082 0.00292557
         0          0          0          1
v_world_imu:   0.208607   0.064447 0.00297939
frame_75
id: 407
stamp: 1777101519.362589598
T_odom_lidar: 
 -0.955909   0.273256   0.107562   0.826422
 -0.272983  -0.961859  0.0175498  -0.323597
  0.108255 -0.0125866   0.994043  0.0031585
         0          0          0          1
T_world_lidar: 
 -0.955909   0.273256   0.107562   0.826422
 -0.272983  -0.961859  0.0175498  -0.323597
  0.108255 -0.0125866   0.994043  0.0031585
         0          0          0          1
v_world_imu:    0.247026   0.0444647 0.000592738
frame_76
id: 408
stamp: 1777101519.463252068
T_odom_lidar: 
 -0.956079   0.272782   0.107254   0.849833
 -0.272502  -0.961995  0.0175493  -0.319356
  0.107965 -0.0124484   0.994077 0.00309275
         0          0          0          1
T_world_lidar: 
 -0.956079   0.272782   0.107254   0.849833
 -0.272502  -0.961995  0.0175493  -0.319356
  0.107965 -0.0124484   0.994077 0.00309275
         0          0          0          1
v_world_imu:    0.217145   0.0459923 -0.00189641
frame_77
id: 409
stamp: 1777101519.562615871
T_odom_lidar: 
   -0.9563   0.272098   0.107021   0.872247
 -0.271769  -0.962195   0.017934  -0.314504
  0.107855 -0.0119346   0.994095 0.00305808
         0          0          0          1
T_world_lidar: 
   -0.9563   0.272098   0.107021   0.872247
 -0.271769  -0.962195   0.017934  -0.314504
  0.107855 -0.0119346   0.994095 0.00305808
         0          0          0          1
v_world_imu:   0.222808  0.0595399 0.00207253
frame_78
id: 410
stamp: 1777101519.662600994
T_odom_lidar: 
 -0.956786   0.270401   0.106976   0.895701
 -0.269994  -0.962683  0.0185489  -0.308975
     0.108 -0.0111355   0.994089 0.00357365
         0          0          0          1
T_world_lidar: 
 -0.956786   0.270401   0.106976   0.895701
 -0.269994  -0.962683  0.0185489  -0.308975
