id: 4
T_world_origin: 
  0.598184   0.799046 -0.0608334    4.16934
 -0.791965   0.601056   0.107349   0.117795
  0.122341 -0.0160366   0.992359  0.0213672
         0          0          0          1
T_origin_endpoint_L: 
  0.672591   0.738547  0.0465756  -0.074094
  -0.73942   0.668197  0.0822877  -0.182094
 0.0296516 -0.0897849    0.99552 0.00928036
         0          0          0          1
T_origin_endpoint_R: 
  0.868513  -0.495664 0.00173667  -0.072277
  0.494958   0.867077 -0.0565216   0.133583
 0.0265099  0.0499493     0.9984 0.00678625
         0          0          0          1
T_lidar_imu: 
     1      0      0  0.006
     0      1      0 -0.012
     0      0      1  0.008
     0      0      0      1
imu_bias: -4.00019e-05 -0.000568017  -0.00416747 -6.83165e-05 -0.000444222   0.00144843
frame_id: 2
num_frames: 62
frame_0
id: 725
stamp: 1777101551.362114429
T_odom_lidar: 
  -0.190301    0.981169   0.0330517      3.9916
  -0.973918   -0.192918    0.119441   0.0705952
   0.123568 -0.00945986    0.992291   0.0156388
          0           0           0           1
T_world_lidar: 
  -0.190301    0.981169   0.0330517      3.9916
  -0.973918   -0.192918    0.119441   0.0705952
   0.123568 -0.00945986    0.992291   0.0156388
          0           0           0           1
v_world_imu:      0.0754  -0.0233239 -0.00250775
frame_1
id: 726
stamp: 1777101551.462458134
T_odom_lidar: 
  -0.157705     0.98708   0.0283284     3.99876
  -0.979662   -0.159995    0.121096   0.0686282
   0.124064 -0.00865478    0.992236   0.0156615
          0           0           0           1
T_world_lidar: 
  -0.157705     0.98708   0.0283284     3.99876
  -0.979662   -0.159995    0.121096   0.0686282
   0.124064 -0.00865478    0.992236   0.0156615
          0           0           0           1
v_world_imu:   0.0797895  -0.0271918 -0.00278427
frame_2
id: 727
stamp: 1777101551.562507153
T_odom_lidar: 
  -0.124115    0.991967   0.0244447     4.00696
  -0.984537    -0.12618    0.121515   0.0658431
   0.123623 -0.00898484    0.992289   0.0155853
          0           0           0           1
T_world_lidar: 
  -0.124115    0.991967   0.0244447     4.00696
  -0.984537    -0.12618    0.121515   0.0658431
   0.123623 -0.00898484    0.992289   0.0155853
          0           0           0           1
v_world_imu:  0.0855334 -0.0347116 0.00115919
frame_3
id: 728
stamp: 1777101551.662468672
T_odom_lidar: 
-0.0887912   0.995814  0.0216926    4.01648
 -0.988345 -0.0907872   0.122199  0.0640155
  0.123657 -0.0105895   0.992268  0.0154611
         0          0          0          1
T_world_lidar: 
-0.0887912   0.995814  0.0216926    4.01648
 -0.988345 -0.0907872   0.122199  0.0640155
  0.123657 -0.0105895   0.992268  0.0154611
         0          0          0          1
v_world_imu:     0.098682   -0.0116449 -0.000766874
frame_4
id: 729
stamp: 1777101551.762148857
T_odom_lidar: 
 -0.0562187    0.998276   0.0168676     4.02446
  -0.990715  -0.0578716    0.123022   0.0640767
   0.123786 -0.00979488    0.992261   0.0155831
          0           0           0           1
T_world_lidar: 
 -0.0562187    0.998276   0.0168676     4.02446
  -0.990715  -0.0578716    0.123022   0.0640767
   0.123786 -0.00979488    0.992261   0.0155831
          0           0           0           1
v_world_imu:   0.0879824  0.00634175 0.000170977
frame_5
id: 730
stamp: 1777101551.862294674
T_odom_lidar: 
 -0.0182749    0.999763   0.0117972     4.03277
  -0.992062  -0.0195999    0.124216   0.0651367
   0.124418 -0.00943347    0.992185   0.0156541
          0           0           0           1
T_world_lidar: 
 -0.0182749    0.999763   0.0117972     4.03277
  -0.992062  -0.0195999    0.124216   0.0651367
   0.124418 -0.00943347    0.992185   0.0156541
          0           0           0           1
v_world_imu:   0.0897008 0.000225068  0.00164363
frame_6
id: 731
stamp: 1777101551.962452650
T_odom_lidar: 
 0.0191519   0.999784 0.00805871    4.04241
 -0.992123  0.0180059   0.123968  0.0649454
  0.123796 -0.0103694   0.992253  0.0155996
         0          0          0          1
T_world_lidar: 
 0.0191519   0.999784 0.00805871    4.04241
 -0.992123  0.0180059   0.123968  0.0649454
  0.123796 -0.0103694   0.992253  0.0155996
         0          0          0          1
v_world_imu:   0.0969268 -0.00793073 0.000624283
frame_7
id: 732
stamp: 1777101552.062321186
T_odom_lidar: 
  0.057881   0.998317 0.00373088    4.05158
 -0.990681  0.0569759   0.123717  0.0648589
  0.123296  -0.010857   0.992311   0.015575
         0          0          0          1
T_world_lidar: 
  0.057881   0.998317 0.00373088    4.05158
 -0.990681  0.0569759   0.123717  0.0648589
  0.123296  -0.010857   0.992311   0.015575
         0          0          0          1
v_world_imu:    0.088148  0.00121207 -0.00163291
frame_8
id: 733
stamp: 1777101552.162372112
T_odom_lidar: 
  0.0935693    0.995611 -0.00179816     4.05927
  -0.987966   0.0930739    0.123533   0.0657183
   0.123158 -0.00978239    0.992339   0.0155931
          0           0           0           1
T_world_lidar: 
  0.0935693    0.995611 -0.00179816     4.05927
  -0.987966   0.0930739    0.123533   0.0657183
   0.123158 -0.00978239    0.992339   0.0155931
          0           0           0           1
v_world_imu:   0.0808909    0.012976 -0.00127199
frame_9
id: 734
stamp: 1777101552.262114048
T_odom_lidar: 
   0.128016    0.991762 -0.00456545     4.06733
  -0.984091    0.127595    0.123629    0.067558
   0.123193  -0.0113337    0.992318   0.0154126
          0           0           0           1
T_world_lidar: 
   0.128016    0.991762 -0.00456545     4.06733
  -0.984091    0.127595    0.123629    0.067558
   0.123193  -0.0113337    0.992318   0.0154126
          0           0           0           1
v_world_imu:     0.070494   0.00896476 -0.000432415
frame_10
id: 735
stamp: 1777101552.362232685
T_odom_lidar: 
    0.15649    0.987643 -0.00852124     4.07393
  -0.979923    0.156334    0.123736   0.0696964
   0.123539  -0.0110132    0.992279   0.0154298
          0           0           0           1
T_world_lidar: 
    0.15649    0.987643 -0.00852124     4.07393
  -0.979923    0.156334    0.123736   0.0696964
   0.123539  -0.0110132    0.992279   0.0154298
          0           0           0           1
v_world_imu:   0.0709962   0.0262346 -0.00286106
frame_11
id: 736
stamp: 1777101552.462457895
T_odom_lidar: 
  0.181432   0.983324 -0.0125081    4.07911
 -0.975571   0.181575   0.123659  0.0717869
  0.123868 -0.0102332   0.992246  0.0155271
         0          0          0          1
T_world_lidar: 
  0.181432   0.983324 -0.0125081    4.07911
 -0.975571   0.181575   0.123659  0.0717869
  0.123868 -0.0102332   0.992246  0.0155271
         0          0          0          1
v_world_imu:  0.0537524  0.0199248 0.00127467
frame_12
id: 737
stamp: 1777101552.562639475
T_odom_lidar: 
   0.209696    0.977624  -0.0166976     4.08496
   -0.96985    0.210137    0.123427   0.0732972
   0.124174 -0.00968801    0.992213   0.0154033
          0           0           0           1
T_world_lidar: 
   0.209696    0.977624  -0.0166976     4.08496
   -0.96985    0.210137    0.123427   0.0732972
   0.124174 -0.00968801    0.992213   0.0154033
          0           0           0           1
v_world_imu:  0.0678746 0.00769742 0.00217063
frame_13
id: 738
stamp: 1777101552.662243605
T_odom_lidar: 
 0.240417   0.97046 -0.020181   4.09269
-0.962717  0.241052   0.12276  0.074889
 0.123998 -0.010085  0.992231 0.0151691
        0         0         0         1
T_world_lidar: 
 0.240417   0.97046 -0.020181   4.09269
-0.962717  0.241052   0.12276  0.074889
 0.123998 -0.010085  0.992231 0.0151691
        0         0         0         1
v_world_imu:   0.0845102   0.0161326 -0.00132796
frame_14
id: 739
stamp: 1777101552.762204885
T_odom_lidar: 
  0.270788   0.962365 -0.0229844    4.10083
 -0.954608    0.27153   0.122458  0.0778972
   0.12409  -0.011219   0.992208  0.0149376
         0          0          0          1
T_world_lidar: 
  0.270788   0.962365 -0.0229844    4.10083
 -0.954608    0.27153   0.122458  0.0778972
   0.12409  -0.011219   0.992208  0.0149376
         0          0          0          1
v_world_imu:   0.0850206   0.0414812 -0.00147655
frame_15
id: 740
stamp: 1777101552.862336397
T_odom_lidar: 
  0.300208   0.953522 -0.0258849    4.10796
 -0.945681   0.301069    0.12266  0.0819107
  0.124753 -0.0123448   0.992111  0.0148288
         0          0          0          1
T_world_lidar: 
  0.300208   0.953522 -0.0258849    4.10796
 -0.945681   0.301069    0.12266  0.0819107
  0.124753 -0.0123448   0.992111  0.0148288
         0          0          0          1
v_world_imu: 0.0521628 0.0286759 0.0035874
frame_16
id: 741
stamp: 1777101552.962237120
T_odom_lidar: 
  0.332517   0.942619 -0.0300489    4.11454
  -0.93473   0.333634   0.122347  0.0858913
  0.125352 -0.0125946   0.992032  0.0147703
         0          0          0          1
T_world_lidar: 
  0.332517   0.942619 -0.0300489    4.11454
  -0.93473   0.333634   0.122347  0.0858913
  0.125352 -0.0125946   0.992032  0.0147703
         0          0          0          1
v_world_imu:   0.0737268     0.03715 -0.00135317
frame_17
id: 742
stamp: 1777101553.062197208
T_odom_lidar: 
  0.367927   0.929254 -0.0334242    4.12317
 -0.921379    0.36918   0.121523  0.0900174
  0.125265 -0.0139152   0.992026  0.0144689
         0          0          0          1
T_world_lidar: 
  0.367927   0.929254 -0.0334242    4.12317
 -0.921379    0.36918   0.121523  0.0900174
  0.125265 -0.0139152   0.992026  0.0144689
         0          0          0          1
v_world_imu:    0.100489   0.0447479 -0.00408502
frame_18
id: 743
stamp: 1777101553.162175417
T_odom_lidar: 
  0.405832   0.913182 -0.0373949    4.13222
 -0.905328   0.407274   0.120454  0.0951486
  0.125226 -0.0150293   0.992014  0.0140907
         0          0          0          1
T_world_lidar: 
  0.405832   0.913182 -0.0373949    4.13222
 -0.905328   0.407274   0.120454  0.0951486
  0.125226 -0.0150293   0.992014  0.0140907
         0          0          0          1
v_world_imu:   0.0861471   0.0519099 -0.00247225
frame_19
id: 744
stamp: 1777101553.262173653
T_odom_lidar: 
  0.439515    0.89726 -0.0418417    4.13922
 -0.889447   0.441242   0.119121   0.100192
  0.125345 -0.0151395   0.991998  0.0137537
         0          0          0          1
T_world_lidar: 
  0.439515    0.89726 -0.0418417    4.13922
 -0.889447   0.441242   0.119121   0.100192
  0.125345 -0.0151395   0.991998  0.0137537
         0          0          0          1
v_world_imu:   0.0634161   0.0405912 -0.00246401
frame_20
id: 745
stamp: 1777101553.362348318
T_odom_lidar: 
  0.471659   0.880529 -0.0469596     4.1452
 -0.872769   0.473771   0.117535     0.1049
  0.125741 -0.0144518   0.991958  0.0133977
         0          0          0          1
T_world_lidar: 
  0.471659   0.880529 -0.0469596     4.1452
 -0.872769   0.473771   0.117535     0.1049
  0.125741 -0.0144518   0.991958  0.0133977
         0          0          0          1
v_world_imu:   0.0694559   0.0435869 -0.00442298
frame_21
id: 746
stamp: 1777101553.462150335
T_odom_lidar: 
  0.495681   0.867133  -0.048802    4.15198
  -0.85941   0.497826   0.116552   0.108807
  0.125361 -0.0158316   0.991985  0.0130235
         0          0          0          1
T_world_lidar: 
  0.495681   0.867133  -0.048802    4.15198
  -0.85941   0.497826   0.116552   0.108807
  0.125361 -0.0158316   0.991985  0.0130235
         0          0          0          1
v_world_imu:   0.0700224   0.0328148 -0.00246373
frame_22
id: 747
stamp: 1777101553.562623024
T_odom_lidar: 
  0.517832   0.853988 -0.0505324    4.15795
 -0.846315   0.520013    0.11549   0.112593
  0.124905 -0.0170383   0.992022   0.012647
         0          0          0          1
T_world_lidar: 
  0.517832   0.853988 -0.0505324    4.15795
 -0.846315   0.520013    0.11549   0.112593
  0.124905 -0.0170383   0.992022   0.012647
         0          0          0          1
v_world_imu:   0.0404401   0.0282023 -0.00116052
frame_23
id: 748
stamp: 1777101553.662222624
T_odom_lidar: 
  0.535745   0.842722 -0.0528953    4.16114
 -0.835023   0.538067   0.114977   0.116286
  0.125355 -0.0174295   0.991959  0.0123787
         0          0          0          1
T_world_lidar: 
  0.535745   0.842722 -0.0528953    4.16114
 -0.835023   0.538067   0.114977   0.116286
  0.125355 -0.0174295   0.991959  0.0123787
         0          0          0          1
v_world_imu: 0.00772591  0.0297367 0.00126424
frame_24
id: 749
stamp: 1777101553.762137890
T_odom_lidar: 
  0.554885   0.829979 -0.0569087    4.16333
 -0.822376   0.557565    0.11322   0.119367
  0.125701 -0.0160239   0.991939  0.0123722
         0          0          0          1
T_world_lidar: 
  0.554885   0.829979 -0.0569087    4.16333
 -0.822376   0.557565    0.11322   0.119367
  0.125701 -0.0160239   0.991939  0.0123722
         0          0          0          1
v_world_imu:   0.0448254   0.0370968 -0.00343547
frame_25
id: 750
stamp: 1777101553.862210751
T_odom_lidar: 
  0.572362   0.817934 -0.0581808    4.16723
 -0.810364   0.575056   0.112345   0.123112
  0.125348 -0.0171544   0.991965  0.0121514
         0          0          0          1
T_world_lidar: 
  0.572362   0.817934 -0.0581808    4.16723
 -0.810364   0.575056   0.112345   0.123112
  0.125348 -0.0171544   0.991965  0.0121514
         0          0          0          1
v_world_imu:   0.0321118    0.034582 -0.00189344
frame_26
id: 751
stamp: 1777101553.962328196
T_odom_lidar: 
  0.581906   0.811094 -0.0592524    4.16925
 -0.803545   0.584656   0.111773   0.124461
  0.125301 -0.0174295   0.991966  0.0120486
         0          0          0          1
T_world_lidar: 
  0.581906   0.811094 -0.0592524    4.16925
 -0.803545   0.584656   0.111773   0.124461
  0.125301 -0.0174295   0.991966  0.0120486
         0          0          0          1
v_world_imu: 0.00465431 -0.0414556 0.00342948
frame_27
id: 752
stamp: 1777101554.062365770
T_odom_lidar: 
  0.590389    0.80493 -0.0593998    4.17288
 -0.797637   0.593118   0.109477    0.12441
  0.123352 -0.0172542   0.992213  0.0120275
         0          0          0          1
T_world_lidar: 
  0.590389    0.80493 -0.0593998    4.17288
 -0.797637   0.593118   0.109477    0.12441
  0.123352 -0.0172542   0.992213  0.0120275
         0          0          0          1
v_world_imu:   0.0425978   0.0172441 0.000373452
frame_28
id: 753
stamp: 1777101554.162090778
T_odom_lidar: 
  0.594111   0.802175 -0.0595598    4.17453
 -0.794882   0.596829   0.109354   0.127389
  0.123268 -0.0176256   0.992217  0.0122213
         0          0          0          1
T_world_lidar: 
  0.594111   0.802175 -0.0595598    4.17453
 -0.794882   0.596829   0.109354   0.127389
  0.123268 -0.0176256   0.992217  0.0122213
         0          0          0          1
v_world_imu: -0.000336668    0.0245289   0.00139354
frame_29
id: 754
stamp: 1777101554.262222052
T_odom_lidar: 
  0.594661   0.801682 -0.0606964    4.17461
 -0.794557   0.597539   0.107827   0.126334
  0.122711 -0.0158937   0.992315  0.0123028
         0          0          0          1
T_world_lidar: 
  0.594661   0.801682 -0.0606964    4.17461
 -0.794557   0.597539   0.107827   0.126334
  0.122711 -0.0158937   0.992315  0.0123028
         0          0          0          1
v_world_imu:  0.00396527 -0.00968755   0.0014617
frame_30
id: 755
stamp: 1777101554.362289190
T_odom_lidar: 
  0.596319   0.800458 -0.0605835    4.17554
 -0.793356   0.599172   0.107603   0.127561
  0.122431 -0.0161012   0.992346  0.0124054
         0          0          0          1
T_world_lidar: 
  0.596319   0.800458 -0.0605835    4.17554
 -0.793356   0.599172   0.107603   0.127561
  0.122431 -0.0161012   0.992346  0.0124054
         0          0          0          1
v_world_imu:   0.011571  0.0218446 7.6248e-05
frame_31
id: 756
stamp: 1777101554.461976290
T_odom_lidar: 
  0.598184   0.799046 -0.0608334    4.17582
 -0.791965   0.601056   0.107349   0.128901
  0.122341 -0.0160366   0.992359  0.0125018
         0          0          0          1
T_world_lidar: 
  0.598184   0.799046 -0.0608334    4.17582
 -0.791965   0.601056   0.107349   0.128901
  0.122341 -0.0160366   0.992359  0.0125018
         0          0          0          1
v_world_imu: 0.00110531  0.0214596 0.00108935
frame_32
id: 757
stamp: 1777101554.561984777
T_odom_lidar: 
  0.598128   0.799078 -0.0609739    4.17581
 -0.792002   0.601018   0.107282   0.128571
  0.122373 -0.0158766   0.992357  0.0123152
         0          0          0          1
T_world_lidar: 
  0.598128   0.799078 -0.0609739    4.17581
 -0.792002   0.601018   0.107282   0.128571
  0.122373 -0.0158766   0.992357  0.0123152
         0          0          0          1
v_world_imu: -0.00232991  -0.0246289  0.00297234
frame_33
id: 758
stamp: 1777101554.662254333
T_odom_lidar: 
  0.597176    0.79975 -0.0614911    4.17575
 -0.792699   0.600141   0.107046   0.127704
  0.122514 -0.0151815   0.992351  0.0127119
         0          0          0          1
T_world_lidar: 
  0.597176    0.79975 -0.0614911    4.17575
 -0.792699   0.600141   0.107046   0.127704
  0.122514 -0.0151815   0.992351  0.0127119
         0          0          0          1
v_world_imu: -0.00379949  0.00520807  0.00270805
frame_34
id: 759
stamp: 1777101554.762227058
T_odom_lidar: 
  0.598351   0.798909 -0.0609943    4.17607
 -0.791878   0.601248   0.106917   0.129268
   0.12209 -0.0156741   0.992395  0.0128481
         0          0          0          1
T_world_lidar: 
  0.598351   0.798909 -0.0609943    4.17607
 -0.791878   0.601248   0.106917   0.129268
   0.12209 -0.0156741   0.992395  0.0128481
         0          0          0          1
v_world_imu:  0.00280177 0.000857374  0.00222347
frame_35
id: 760
stamp: 1777101554.862140894
T_odom_lidar: 
  0.598232   0.798996 -0.0610175    4.17646
 -0.792075   0.601147   0.106015   0.129149
  0.121386 -0.0150908   0.992491  0.0130767
         0          0          0          1
T_world_lidar: 
  0.598232   0.798996 -0.0610175    4.17646
 -0.792075   0.601147   0.106015   0.129149
  0.121386 -0.0150908   0.992491  0.0130767
         0          0          0          1
v_world_imu: -0.00423721 -0.00873283  0.00407167
frame_36
id: 761
stamp: 1777101554.962049484
T_odom_lidar: 
  0.598113    0.79904 -0.0616087    4.17579
 -0.792027    0.60109   0.106693   0.128387
  0.122284 -0.0150185   0.992382  0.0131836
         0          0          0          1
T_world_lidar: 
  0.598113    0.79904 -0.0616087    4.17579
 -0.792027    0.60109   0.106693   0.128387
  0.122284 -0.0150185   0.992382  0.0131836
         0          0          0          1
v_world_imu: -0.0027451  0.0417598 0.00305521
frame_37
id: 762
stamp: 1777101555.062095404
T_odom_lidar: 
  0.598797   0.798623 -0.0603581    4.17769
 -0.791755   0.601633   0.105652   0.126985
  0.120689 -0.0154751    0.99257  0.0131682
         0          0          0          1
T_world_lidar: 
  0.598797   0.798623 -0.0603581    4.17769
 -0.791755   0.601633   0.105652   0.126985
  0.120689 -0.0154751    0.99257  0.0131682
         0          0          0          1
v_world_imu:   0.016322 -0.0336049 0.00439594
frame_38
id: 763
stamp: 1777101555.162357569
T_odom_lidar: 
  0.596001   0.800739 -0.0600034     4.1777
 -0.793916   0.598821   0.105409   0.125652
  0.120336 -0.0151862   0.992617  0.0137687
         0          0          0          1
T_world_lidar: 
  0.596001   0.800739 -0.0600034     4.1777
 -0.793916   0.598821   0.105409   0.125652
  0.120336 -0.0151862   0.992617  0.0137687
         0          0          0          1
v_world_imu:  -0.0145792 -0.00284649  0.00508986
frame_39
id: 764
stamp: 1777101555.262162685
T_odom_lidar: 
  0.594841   0.801583 -0.0602413    4.17688
  -0.79478   0.597702   0.105244   0.125409
  0.120368 -0.0147251    0.99262  0.0137311
         0          0          0          1
T_world_lidar: 
  0.594841   0.801583 -0.0602413    4.17688
  -0.79478   0.597702   0.105244   0.125409
  0.120368 -0.0147251    0.99262  0.0137311
         0          0          0          1
v_world_imu: -0.0125156  0.0188999  0.0107033
frame_40
id: 765
stamp: 1777101555.362147808
T_odom_lidar: 
  0.602313   0.795917 -0.0611101    4.17871
  -0.78905   0.605213   0.105439   0.129869
  0.120905 -0.0152883   0.992546  0.0138127
         0          0          0          1
T_world_lidar: 
  0.602313   0.795917 -0.0611101    4.17871
  -0.78905   0.605213   0.105439   0.129869
  0.120905 -0.0152883   0.992546  0.0138127
         0          0          0          1
v_world_imu:  0.0199852  0.0531928 0.00143632
frame_41
id: 766
stamp: 1777101555.462088585
T_odom_lidar: 
  0.611197   0.789072 -0.0616737     4.1805
 -0.782078   0.614076   0.106135   0.134887
   0.12162 -0.0166356   0.992437  0.0135949
         0          0          0          1
T_world_lidar: 
  0.611197   0.789072 -0.0616737     4.1805
 -0.782078   0.614076   0.106135   0.134887
   0.12162 -0.0166356   0.992437  0.0135949
         0          0          0          1
v_world_imu: 0.00293545  0.0376017 0.00292676
frame_42
id: 767
stamp: 1777101555.562201023
T_odom_lidar: 
  0.619032   0.782743 -0.0641346    4.18104
  -0.77578   0.622154   0.105308   0.138128
   0.12233 -0.0154345   0.992369  0.0128092
         0          0          0          1
T_world_lidar: 
  0.619032   0.782743 -0.0641346    4.18104
  -0.77578   0.622154   0.105308   0.138128
   0.12233 -0.0154345   0.992369  0.0128092
         0          0          0          1
v_world_imu:  0.0359134  0.0450985 0.00292515
frame_43
id: 768
stamp: 1777101555.662082672
T_odom_lidar: 
  0.631745   0.772385 -0.0657247    4.18473
 -0.765452   0.634961   0.104439   0.142309
    0.1224 -0.0156696   0.992357  0.0129905
         0          0          0          1
T_world_lidar: 
  0.631745   0.772385 -0.0657247    4.18473
 -0.765452   0.634961   0.104439   0.142309
    0.1224 -0.0156696   0.992357  0.0129905
         0          0          0          1
v_world_imu:  0.0384554  0.0371483 0.00224332
frame_44
id: 769
stamp: 1777101555.762040615
T_odom_lidar: 
  0.642212   0.763515 -0.0678875    4.18605
 -0.756591    0.64561   0.103719   0.145429
   0.12302 -0.0152465   0.992287  0.0133541
         0          0          0          1
T_world_lidar: 
  0.642212   0.763515 -0.0678875    4.18605
 -0.756591    0.64561   0.103719   0.145429
   0.12302 -0.0152465   0.992287  0.0133541
         0          0          0          1
v_world_imu: -0.0102756  0.0377322 0.00713867
frame_45
id: 770
stamp: 1777101555.862166882
T_odom_lidar: 
   0.65502   0.752357 -0.0700611    4.18751
 -0.745377   0.658573   0.103417   0.149652
  0.123947 -0.0155185   0.992167  0.0114012
         0          0          0          1
T_world_lidar: 
   0.65502   0.752357 -0.0700611    4.18751
 -0.745377   0.658573   0.103417   0.149652
  0.123947 -0.0155185   0.992167  0.0114012
         0          0          0          1
v_world_imu:   0.0299677    0.034166 0.000600192
frame_46
id: 771
stamp: 1777101555.962205887
T_odom_lidar: 
  0.674535   0.734687 -0.0723644    4.19185
 -0.727704   0.678208   0.102381   0.154779
  0.124296 -0.0164001    0.99211  0.0111521
         0          0          0          1
T_world_lidar: 
  0.674535   0.734687 -0.0723644    4.19185
 -0.727704   0.678208   0.102381   0.154779
  0.124296 -0.0164001    0.99211  0.0111521
         0          0          0          1
v_world_imu:    0.0435868    0.0583984 -0.000785141
frame_47
id: 772
stamp: 1777101556.062254190
T_odom_lidar: 
  0.688239   0.721597 -0.0750042    4.19392
 -0.714708   0.692136   0.100698   0.159237
  0.124577 -0.0156984   0.992086  0.0111946
         0          0          0          1
T_world_lidar: 
  0.688239   0.721597 -0.0750042    4.19392
 -0.714708   0.692136   0.100698   0.159237
  0.124577 -0.0156984   0.992086  0.0111946
         0          0          0          1
v_world_imu: 0.00991864  0.0302927 0.00568896
frame_48
id: 773
stamp: 1777101556.162182331
T_odom_lidar: 
  0.703429   0.706566 -0.0771561    4.19704
 -0.699863   0.707486  0.0982631   0.162903
  0.124016 -0.0151223   0.992165  0.0114982
         0          0          0          1
T_world_lidar: 
  0.703429   0.706566 -0.0771561    4.19704
 -0.699863   0.707486  0.0982631   0.162903
  0.124016 -0.0151223   0.992165  0.0114982
         0          0          0          1
v_world_imu:   0.0678146   0.0787541 0.000228515
frame_49
id: 774
stamp: 1777101556.262246847
T_odom_lidar: 
  0.729216   0.679807 -0.0781409    4.20335
 -0.673158   0.733176  0.0964978   0.175919
  0.122891 -0.0177666   0.992261   0.011254
         0          0          0          1
T_world_lidar: 
  0.729216   0.679807 -0.0781409    4.20335
 -0.673158   0.733176  0.0964978   0.175919
  0.122891 -0.0177666   0.992261   0.011254
         0          0          0          1
v_world_imu:   0.0640796     0.22323 -0.00965991
frame_50
id: 775
stamp: 1777101556.362296104
T_odom_lidar: 
  0.748853   0.657972 -0.0793231    4.20614
 -0.651267   0.752774  0.0958251   0.185212
  0.122763 -0.0200984   0.992233  0.0105011
         0          0          0          1
T_world_lidar: 
  0.748853   0.657972 -0.0793231    4.20614
 -0.651267   0.752774  0.0958251   0.185212
  0.122763 -0.0200984   0.992233  0.0105011
         0          0          0          1
v_world_imu:  0.0130941 -0.0246874 -0.0049018
frame_51
id: 776
stamp: 1777101556.462127686
T_odom_lidar: 
  0.766089    0.63743 -0.0824059    4.21037
 -0.630999   0.770283  0.0922215   0.188978
  0.122261 -0.0186518   0.992323 0.00984258
         0          0          0          1
T_world_lidar: 
  0.766089    0.63743 -0.0824059    4.21037
 -0.630999   0.770283  0.0922215   0.188978
  0.122261 -0.0186518   0.992323 0.00984258
         0          0          0          1
v_world_imu:    0.0346123    0.0783894 -0.000239805
frame_52
id: 777
stamp: 1777101556.563002825
T_odom_lidar: 
  0.789103   0.608296 -0.0853954    4.21326
 -0.601892   0.793463  0.0902388   0.200349
   0.12265 -0.0198089   0.992252 0.00953155
         0          0          0          1
T_world_lidar: 
  0.789103   0.608296 -0.0853954    4.21326
 -0.601892   0.793463  0.0902388   0.200349
   0.12265 -0.0198089   0.992252 0.00953155
         0          0          0          1
v_world_imu:  0.00864543    0.111183 0.000957477
frame_53
id: 778
stamp: 1777101556.662148714
T_odom_lidar: 
  0.805967   0.585224 -0.0890521    4.21444
 -0.578767    0.81062  0.0890213   0.208762
  0.124285 -0.0202078   0.992041 0.00926697
         0          0          0          1
T_world_lidar: 
  0.805967   0.585224 -0.0890521    4.21444
 -0.578767    0.81062  0.0890213   0.208762
  0.124285 -0.0202078   0.992041 0.00926697
         0          0          0          1
v_world_imu:   0.0209111   0.0515894 -0.00250532
frame_54
id: 779
stamp: 1777101556.762142181
T_odom_lidar: 
  0.818754   0.566816  -0.091435    4.21704
 -0.560483   0.823606  0.0867833   0.213801
  0.124497 -0.0198064   0.992022  0.0088706
         0          0          0          1
T_world_lidar: 
  0.818754   0.566816  -0.091435    4.21704
 -0.560483   0.823606  0.0867833   0.213801
  0.124497 -0.0198064   0.992022  0.0088706
         0          0          0          1
v_world_imu:    0.018551   0.0524206 -0.00200521
frame_55
id: 780
stamp: 1777101556.862159252
T_odom_lidar: 
  0.834712   0.542469 -0.0947816    4.21815
 -0.536256   0.839852  0.0841339   0.220765
  0.125242 -0.0194004   0.991936 0.00898491
         0          0          0          1
T_world_lidar: 
  0.834712   0.542469 -0.0947816    4.21815
 -0.536256   0.839852  0.0841339   0.220765
  0.125242 -0.0194004   0.991936 0.00898491
         0          0          0          1
v_world_imu:   0.0150542   0.0724602 0.000739793
frame_56
id: 781
stamp: 1777101556.962341309
T_odom_lidar: 
  0.850843   0.516223 -0.0978789    4.21986
 -0.510078   0.856228  0.0818201   0.228813
  0.126044 -0.0196901   0.991829 0.00888607
         0          0          0          1
T_world_lidar: 
  0.850843   0.516223 -0.0978789    4.21986
 -0.510078   0.856228  0.0818201   0.228813
  0.126044 -0.0196901   0.991829 0.00888607
         0          0          0          1
v_world_imu:   0.0313379   0.0811052 -0.00160245
frame_57
id: 782
stamp: 1777101557.062296152
T_odom_lidar: 
  0.865797   0.490122  -0.100879    4.22224
 -0.484132   0.871438  0.0788182   0.236039
   0.12654 -0.0194019   0.991772 0.00877915
         0          0          0          1
T_world_lidar: 
  0.865797   0.490122  -0.100879    4.22224
 -0.484132   0.871438  0.0788182   0.236039
   0.12654 -0.0194019   0.991772 0.00877915
         0          0          0          1
v_world_imu:   0.0205238   0.0703176 0.000805992
frame_58
id: 783
stamp: 1777101557.162189484
T_odom_lidar: 
  0.879665   0.464146  -0.103721    4.22388
 -0.458343   0.885556  0.0755771   0.242886
  0.126929 -0.0189427   0.991731 0.00880971
         0          0          0          1
T_world_lidar: 
  0.879665   0.464146  -0.103721    4.22388
 -0.458343   0.885556  0.0755771   0.242886
  0.126929 -0.0189427   0.991731 0.00880971
         0          0          0          1
v_world_imu:    0.0150155    0.0600586 -0.000746639
frame_59
id: 784
stamp: 1777101557.262231350
T_odom_lidar: 
  0.888258   0.447271  -0.104624    4.22687
 -0.441636     0.8942  0.0732381   0.246978
  0.126312 -0.0188486   0.991811 0.00859307
         0          0          0          1
T_world_lidar: 
  0.888258   0.447271  -0.104624    4.22687
 -0.441636     0.8942  0.0732381   0.246978
  0.126312 -0.0188486   0.991811 0.00859307
         0          0          0          1
v_world_imu:   0.0698519  -0.0105487 -0.00474308
frame_60
id: 785
stamp: 1777101557.362218142
T_odom_lidar: 
  0.899685     0.4238  -0.104695    4.23159
 -0.418564   0.905575  0.0688398   0.252897
  0.123984 -0.0181125   0.992119 0.00847332
         0          0          0          1
T_world_lidar: 
  0.899685     0.4238  -0.104695    4.23159
 -0.418564   0.905575  0.0688398   0.252897
  0.123984 -0.0181125   0.992119 0.00847332
         0          0          0          1
v_world_imu:  0.0425697    0.12913 -0.0105176
frame_61
id: 786
stamp: 1777101557.462418556
T_odom_lidar: 
  0.913412   0.393297  -0.104861    4.23251
 -0.387488   0.919072  0.0718291   0.268834
  0.124625 -0.0249773    0.99189 0.00813434
         0          0          0          1
T_world_lidar: 
  0.913412   0.393297  -0.104861    4.23251
 -0.387488   0.919072  0.0718291   0.268834
  0.124625 -0.0249773    0.99189 0.00813434
         0          0          0          1
v_world_imu:  0.0248407  0.0597631 0.00479683
