id: 12
T_world_origin: 
  0.774111  -0.624161  -0.105712  -0.590709
  0.621385   0.781087 -0.0615142     4.6484
  0.120965 -0.0180693   0.992492  -0.026305
         0          0          0          1
T_origin_endpoint_L: 
  0.882016   0.470571  0.0247149 -0.0229272
 -0.471197   0.880244  0.0560704  -0.113065
0.00463001 -0.0611006   0.998121 0.00104616
         0          0          0          1
T_origin_endpoint_R: 
   0.866088    -0.49979   0.0100972  -0.0341032
    0.49947    0.864352  -0.0585258    0.126507
  0.0205231   0.0557317    0.998235 -0.00657007
          0           0           0           1
T_lidar_imu: 
     1      0      0  0.006
     0      1      0 -0.012
     0      0      1  0.008
     0      0      0      1
imu_bias: -0.000308671 -0.000775355  -0.00688751 -0.000445732 -0.000690788   0.00202555
frame_id: 2
num_frames: 31
frame_0
id: 1721
stamp: 1777101651.162286282
T_odom_lidar: 
   0.976392   -0.178681   -0.121379   -0.545028
   0.179741    0.983711 -0.00224524     4.55652
   0.119803  -0.0196245    0.992604  -0.0348922
          0           0           0           1
T_world_lidar: 
   0.976392   -0.178681   -0.121379   -0.545028
   0.179741    0.983711 -0.00224524     4.55652
   0.119803  -0.0196245    0.992604  -0.0348922
          0           0           0           1
v_world_imu:  -0.017365  0.0650433 0.00225527
frame_1
id: 1722
stamp: 1777101651.262211323
T_odom_lidar: 
   0.969924   -0.210959   -0.121426   -0.547633
   0.211706    0.977309 -0.00685892       4.563
   0.120118   -0.019054    0.992577  -0.0345829
          0           0           0           1
T_world_lidar: 
   0.969924   -0.210959   -0.121426   -0.547633
   0.211706    0.977309 -0.00685892       4.563
   0.120118   -0.019054    0.992577  -0.0345829
          0           0           0           1
v_world_imu: -0.0233247  0.0732673 0.00476746
frame_2
id: 1723
stamp: 1777101651.362198830
T_odom_lidar: 
  0.962154   -0.24425   -0.12084  -0.550741
  0.244775   0.969521 -0.0107109    4.57015
  0.119773 -0.0192731   0.992614 -0.0341711
         0          0          0          1
T_world_lidar: 
  0.962154   -0.24425   -0.12084  -0.550741
  0.244775   0.969521 -0.0107109    4.57015
  0.119773 -0.0192731   0.992614 -0.0341711
         0          0          0          1
v_world_imu: -0.0298341  0.0705942 0.00211977
frame_3
id: 1724
stamp: 1777101651.463039160
T_odom_lidar: 
    0.9535  -0.276352  -0.120281  -0.553394
  0.276739   0.960846 -0.0138084    4.57789
  0.119388 -0.0201202   0.992644 -0.0343791
         0          0          0          1
T_world_lidar: 
    0.9535  -0.276352  -0.120281  -0.553394
  0.276739   0.960846 -0.0138084    4.57789
  0.119388 -0.0201202   0.992644 -0.0343791
         0          0          0          1
v_world_imu:  -0.018217  0.0690734 0.00216041
frame_4
id: 1725
stamp: 1777101651.562294245
T_odom_lidar: 
  0.944876  -0.304819  -0.119559  -0.555698
  0.304844   0.952222 -0.0185304    4.58381
  0.119495  -0.018938   0.992654 -0.0342017
         0          0          0          1
T_world_lidar: 
  0.944876  -0.304819  -0.119559  -0.555698
  0.304844   0.952222 -0.0185304    4.58381
  0.119495  -0.018938   0.992654 -0.0342017
         0          0          0          1
v_world_imu: -0.0245613  0.0621246 0.00269512
frame_5
id: 1726
stamp: 1777101651.662280798
T_odom_lidar: 
    0.9344   -0.33596  -0.118441  -0.558555
   0.33557   0.941714 -0.0238249    4.58965
  0.119542 -0.0174834   0.992675 -0.0340544
         0          0          0          1
T_world_lidar: 
    0.9344   -0.33596  -0.118441  -0.558555
   0.33557   0.941714 -0.0238249    4.58965
  0.119542 -0.0174834   0.992675 -0.0340544
         0          0          0          1
v_world_imu: -0.0311753  0.0704503 0.00138951
frame_6
id: 1727
stamp: 1777101651.762267590
T_odom_lidar: 
  0.922005  -0.368897  -0.117566  -0.562349
  0.368211   0.929311 -0.0283088    4.59674
  0.119698 -0.0171881   0.992662 -0.0339744
         0          0          0          1
T_world_lidar: 
  0.922005  -0.368897  -0.117566  -0.562349
  0.368211   0.929311 -0.0283088    4.59674
  0.119698 -0.0171881   0.992662 -0.0339744
         0          0          0          1
v_world_imu:  -0.037381  0.0806349 0.00151877
frame_7
id: 1728
stamp: 1777101651.862229824
T_odom_lidar: 
  0.907361  -0.403922  -0.116376  -0.566495
  0.402984   0.914628 -0.0325345     4.6051
  0.119582 -0.0173771   0.992672 -0.0339585
         0          0          0          1
T_world_lidar: 
  0.907361  -0.403922  -0.116376  -0.566495
  0.402984   0.914628 -0.0325345     4.6051
  0.119582 -0.0173771   0.992672 -0.0339585
         0          0          0          1
v_world_imu:  -0.0375493   0.0881037 -0.00095436
frame_8
id: 1729
stamp: 1777101651.962270737
T_odom_lidar: 
  0.892051  -0.436995  -0.115239  -0.570768
  0.435795   0.899295 -0.0367579    4.61286
  0.119697 -0.0174305   0.992658 -0.0340186
         0          0          0          1
T_world_lidar: 
  0.892051  -0.436995  -0.115239  -0.570768
  0.435795   0.899295 -0.0367579    4.61286
  0.119697 -0.0174305   0.992658 -0.0340186
         0          0          0          1
v_world_imu:   -0.0435795    0.0782661 -4.67506e-05
frame_9
id: 1730
stamp: 1777101652.063088894
T_odom_lidar: 
  0.876198  -0.468252  -0.114091  -0.575395
   0.46675   0.883429 -0.0412115    4.61944
  0.120089 -0.0171426   0.992615 -0.0345461
         0          0          0          1
T_world_lidar: 
  0.876198  -0.468252  -0.114091  -0.575395
   0.46675   0.883429 -0.0412115    4.61944
  0.120089 -0.0171426   0.992615 -0.0345461
         0          0          0          1
v_world_imu:  -0.0360431   0.0562034 0.000577022
frame_10
id: 1731
stamp: 1777101652.162391901
T_odom_lidar: 
  0.861968  -0.494242  -0.112852  -0.579437
  0.492438   0.869168 -0.0453034     4.6246
  0.120478 -0.0165227   0.992578 -0.0343539
         0          0          0          1
T_world_lidar: 
  0.861968  -0.494242  -0.112852  -0.579437
  0.492438   0.869168 -0.0453034     4.6246
  0.120478 -0.0165227   0.992578 -0.0343539
         0          0          0          1
v_world_imu:   -0.0369366    0.0610396 -6.17276e-05
frame_11
id: 1732
stamp: 1777101652.262280226
T_odom_lidar: 
  0.846216  -0.521049   -0.11147  -0.583625
  0.519029   0.853365 -0.0487512    4.63081
  0.120526 -0.0166019   0.992571 -0.0341917
         0          0          0          1
T_world_lidar: 
  0.846216  -0.521049   -0.11147  -0.583625
  0.519029   0.853365 -0.0487512    4.63081
  0.120526 -0.0166019   0.992571 -0.0341917
         0          0          0          1
v_world_imu: -0.0444946  0.0737428  0.0009179
frame_12
id: 1733
stamp: 1777101652.363072872
T_odom_lidar: 
   0.82924  -0.547856  -0.110524  -0.588395
    0.5457   0.836389 -0.0516154    4.63791
  0.120719 -0.0175112   0.992532 -0.0348456
         0          0          0          1
T_world_lidar: 
   0.82924  -0.547856  -0.110524  -0.588395
    0.5457   0.836389 -0.0516154    4.63791
  0.120719 -0.0175112   0.992532 -0.0348456
         0          0          0          1
v_world_imu: -0.0418913  0.0600127 0.00194707
frame_13
id: 1734
stamp: 1777101652.462347269
T_odom_lidar: 
  0.810761  -0.575066   -0.10939  -0.593328
  0.572761   0.817901 -0.0546201    4.64378
   0.12088 -0.0183703   0.992497 -0.0348122
         0          0          0          1
T_world_lidar: 
  0.810761  -0.575066   -0.10939  -0.593328
  0.572761   0.817901 -0.0546201    4.64378
   0.12088 -0.0183703   0.992497 -0.0348122
         0          0          0          1
v_world_imu: -0.0414621  0.0549786 0.00303096
frame_14
id: 1735
stamp: 1777101652.562319040
T_odom_lidar: 
  0.791658  -0.601458  -0.107363  -0.597883
   0.59886   0.798705 -0.0586341    4.64868
  0.121017 -0.0178771   0.992489 -0.0346104
         0          0          0          1
T_world_lidar: 
  0.791658  -0.601458  -0.107363  -0.597883
   0.59886   0.798705 -0.0586341    4.64868
  0.121017 -0.0178771   0.992489 -0.0346104
         0          0          0          1
v_world_imu: -0.0436656  0.0620667 0.00135824
frame_15
id: 1736
stamp: 1777101652.663140535
T_odom_lidar: 
  0.774111  -0.624161  -0.105712  -0.601998
  0.621385   0.781087 -0.0615142    4.65454
  0.120965 -0.0180693   0.992492 -0.0351875
         0          0          0          1
T_world_lidar: 
  0.774111  -0.624161  -0.105712  -0.601998
  0.621385   0.781087 -0.0615142    4.65454
  0.120965 -0.0180693   0.992492 -0.0351875
         0          0          0          1
v_world_imu:  -0.0274146   0.0504812 0.000979187
frame_16
id: 1737
stamp: 1777101652.762389183
T_odom_lidar: 
  0.760936  -0.640656  -0.102646  -0.602686
   0.63767   0.767646 -0.0640094     4.6598
  0.119804 -0.0167475   0.992656 -0.0350175
         0          0          0          1
T_world_lidar: 
  0.760936  -0.640656  -0.102646  -0.602686
   0.63767   0.767646 -0.0640094     4.6598
  0.119804 -0.0167475   0.992656 -0.0350175
         0          0          0          1
v_world_imu: 0.000420133    0.051169  0.00864703
frame_17
id: 1738
stamp: 1777101652.862300634
T_odom_lidar: 
  0.741694  -0.663399 -0.0989553  -0.607975
  0.660464   0.748064 -0.0647072    4.66746
  0.116952 -0.0173634   0.992986 -0.0350103
         0          0          0          1
T_world_lidar: 
  0.741694  -0.663399 -0.0989553  -0.607975
  0.660464   0.748064 -0.0647072    4.66746
  0.116952 -0.0173634   0.992986 -0.0350103
         0          0          0          1
v_world_imu: -0.118259 0.0518088 0.0076869
frame_18
id: 1739
stamp: 1777101652.963100672
T_odom_lidar: 
  0.718012  -0.688565  -0.101671  -0.621793
  0.685918     0.7248 -0.0646675    4.67421
  0.118219 -0.0233062   0.992714 -0.0352247
         0          0          0          1
T_world_lidar: 
  0.718012  -0.688565  -0.101671  -0.621793
  0.685918     0.7248 -0.0646675    4.67421
  0.118219 -0.0233062   0.992714 -0.0352247
         0          0          0          1
v_world_imu:  0.0160184 0.00735137 0.00598639
frame_19
id: 1740
stamp: 1777101653.062309027
T_odom_lidar: 
  0.701004  -0.706624 -0.0963089  -0.621626
  0.703573   0.707314 -0.0684953    4.67784
  0.116521 -0.0197449   0.992992  -0.035307
         0          0          0          1
T_world_lidar: 
  0.701004  -0.706624 -0.0963089  -0.621626
  0.703573   0.707314 -0.0684953    4.67784
  0.116521 -0.0197449   0.992992  -0.035307
         0          0          0          1
v_world_imu: -0.0130516  0.0256576 0.00480995
frame_20
id: 1741
stamp: 1777101653.163170815
T_odom_lidar: 
  0.674752  -0.732092 -0.0935435  -0.628521
  0.728846   0.680917 -0.0716638    4.68138
   0.11616 -0.0198235   0.993033 -0.0351252
         0          0          0          1
T_world_lidar: 
  0.674752  -0.732092 -0.0935435  -0.628521
  0.728846   0.680917 -0.0716638    4.68138
   0.11616 -0.0198235   0.993033 -0.0351252
         0          0          0          1
v_world_imu:   -0.10256   0.020629 0.00317161
frame_21
id: 1742
stamp: 1777101653.262386084
T_odom_lidar: 
  0.648615  -0.755489 -0.0923854  -0.637404
  0.752046    0.65483 -0.0749938    4.68466
  0.117154 -0.0208359   0.992895 -0.0350656
         0          0          0          1
T_world_lidar: 
  0.648615  -0.755489 -0.0923854  -0.637404
  0.752046    0.65483 -0.0749938    4.68466
  0.117154 -0.0208359   0.992895 -0.0350656
         0          0          0          1
v_world_imu:  -0.0743842   0.0540523 -0.00401737
frame_22
id: 1743
stamp: 1777101653.362330914
T_odom_lidar: 
  0.621202  -0.778487 -0.0898166  -0.644277
   0.77489   0.627299 -0.0777262    4.68974
  0.116851 -0.0213143   0.992921 -0.0355121
         0          0          0          1
T_world_lidar: 
  0.621202  -0.778487 -0.0898166  -0.644277
   0.77489   0.627299 -0.0777262    4.68974
  0.116851 -0.0213143   0.992921 -0.0355121
         0          0          0          1
v_world_imu:  -0.0705331   0.0368478 -0.00276084
frame_23
id: 1744
stamp: 1777101653.462455750
T_odom_lidar: 
  0.591871  -0.801325   -0.08699  -0.651934
   0.79751   0.597845 -0.0809911    4.69312
  0.116907 -0.0214391   0.992911 -0.0357799
         0          0          0          1
T_world_lidar: 
  0.591871  -0.801325   -0.08699  -0.651934
   0.79751   0.597845 -0.0809911    4.69312
  0.116907 -0.0214391   0.992911 -0.0357799
         0          0          0          1
v_world_imu:   -0.072901   0.0310049 -0.00181641
frame_24
id: 1745
stamp: 1777101653.563171387
T_odom_lidar: 
  0.562935    -0.8222 -0.0842107  -0.658872
  0.818192   0.568786 -0.0839287    4.69658
  0.116904 -0.0216541   0.992907 -0.0363056
         0          0          0          1
T_world_lidar: 
  0.562935    -0.8222 -0.0842107  -0.658872
  0.818192   0.568786 -0.0839287    4.69658
  0.116904 -0.0216541   0.992907 -0.0363056
         0          0          0          1
v_world_imu:  -0.0650538    0.047956 -0.00650266
frame_25
id: 1746
stamp: 1777101653.663142443
T_odom_lidar: 
  0.533289  -0.842158 -0.0798354  -0.664933
  0.837908   0.538841 -0.0869546    4.70083
  0.116248 -0.0205228   0.993008 -0.0369805
         0          0          0          1
T_world_lidar: 
  0.533289  -0.842158 -0.0798354  -0.664933
  0.837908   0.538841 -0.0869546    4.70083
  0.116248 -0.0205228   0.993008 -0.0369805
         0          0          0          1
v_world_imu: -0.0722884  0.0457746 -0.0113847
frame_26
id: 1747
stamp: 1777101653.762340069
T_odom_lidar: 
  0.501997  -0.861489 -0.0763898  -0.672315
  0.857017    0.50737 -0.0899839    4.70464
  0.116278 -0.0202958   0.993009 -0.0380711
         0          0          0          1
T_world_lidar: 
  0.501997  -0.861489 -0.0763898  -0.672315
  0.857017    0.50737 -0.0899839    4.70464
  0.116278 -0.0202958   0.993009 -0.0380711
         0          0          0          1
v_world_imu: -0.0888401  0.0499066 -0.0139714
frame_27
id: 1748
stamp: 1777101653.862523079
T_odom_lidar: 
  0.466502  -0.881489 -0.0731691  -0.681504
  0.876827   0.471746 -0.0929017    4.70949
  0.116409 -0.0208178   0.992983 -0.0397737
         0          0          0          1
T_world_lidar: 
  0.466502  -0.881489 -0.0731691  -0.681504
  0.876827   0.471746 -0.0929017    4.70949
  0.116409 -0.0208178   0.992983 -0.0397737
         0          0          0          1
v_world_imu: -0.0928498  0.0530755 -0.0186314
frame_28
id: 1749
stamp: 1777101653.962383509
T_odom_lidar: 
  0.429738  -0.900262 -0.0696719  -0.690941
  0.895391   0.434834 -0.0958887    4.71435
  0.116621 -0.0211765   0.992951 -0.0419951
         0          0          0          1
T_world_lidar: 
  0.429738  -0.900262 -0.0696719  -0.690941
  0.895391   0.434834 -0.0958887    4.71435
  0.116621 -0.0211765   0.992951 -0.0419951
         0          0          0          1
v_world_imu: -0.0904892  0.0524485 -0.0220579
frame_29
id: 1750
stamp: 1777101654.062264919
T_odom_lidar: 
  0.393788   -0.91685 -0.0657011  -0.699583
  0.911771   0.398676 -0.0986492    4.71953
   0.11664 -0.0210574   0.992951 -0.0447109
         0          0          0          1
T_world_lidar: 
  0.393788   -0.91685 -0.0657011  -0.699583
  0.911771   0.398676 -0.0986492    4.71953
   0.11664 -0.0210574   0.992951 -0.0447109
         0          0          0          1
v_world_imu: -0.0795901  0.0631838 -0.0303012
frame_30
id: 1751
stamp: 1777101654.162513494
T_odom_lidar: 
  0.356529  -0.932279 -0.0611799  -0.708212
  0.927041   0.361144  -0.100845      4.726
   0.11611 -0.0207621   0.993019 -0.0481269
         0          0          0          1
T_world_lidar: 
  0.356529  -0.932279 -0.0611799  -0.708212
  0.927041   0.361144  -0.100845      4.726
   0.11611 -0.0207621   0.993019 -0.0481269
         0          0          0          1
v_world_imu:  -0.092543  0.0727189 -0.0385264
