image: l402_2d_map_lite_0504.pgm
mode: trinary
resolution: 0.050000
origin: [-10.137071, -10.502911, 0.0]
negate: 0
occupied_thresh: 0.65
free_thresh: 0.25
