id: 8
T_world_origin: 
  0.584169   0.749012   0.312615 0.00134104
 -0.649276   0.662379  -0.373759 -0.0639318
 -0.487019  0.0153646   0.873256 -0.0045666
         0          0          0          1
T_origin_endpoint_L: 
   0.999926   0.0095218 -0.00758866   -0.299055
-0.00956463    0.999938  -0.0056274  -0.0336087
 0.00753461  0.00569957    0.999955   -0.163999
          0           0           0           1
T_origin_endpoint_R: 
    0.999999  -0.00121181  -0.00120111   0.00269872
  0.00121252     0.999999  0.000588612  -0.00219889
   0.0012004 -0.000590067     0.999999  -0.00835258
           0            0            0            1
T_lidar_imu: 
     1      0      0  0.006
     0      1      0 -0.012
     0      0      1  0.008
     0      0      0      1
imu_bias:  0.00563954 -8.5955e-05  -0.0106945 -0.00587787 -0.00116447  0.00157603
frame_id: 2
num_frames: 768
frame_0
id: 3700
stamp: 1777955705.338639259
T_odom_lidar: 
   0.577668    0.755765    0.308415   -0.245542
   -0.65792    0.654733    -0.37211    0.183587
  -0.483157   0.0120436    0.875451 -0.00375279
          0           0           0           1
T_world_lidar: 
   0.577668    0.755765    0.308415   -0.245542
   -0.65792    0.654733    -0.37211    0.183587
  -0.483157   0.0120436    0.875451 -0.00375279
          0           0           0           1
v_world_imu:  -0.0290077   0.0244601 0.000483826
frame_1
id: 3701
stamp: 1777955705.438398123
T_odom_lidar: 
   0.574621    0.757466     0.30993    -0.24422
  -0.657042    0.652744   -0.377123     0.18107
  -0.487962    0.013066    0.872767 -0.00350257
          0           0           0           1
T_world_lidar: 
   0.574621    0.757466     0.30993    -0.24422
  -0.657042    0.652744   -0.377123     0.18107
  -0.487962    0.013066    0.872767 -0.00350257
          0           0           0           1
v_world_imu: -0.0409683  0.0601713 0.00266366
frame_2
id: 3702
stamp: 1777955705.538717270
T_odom_lidar: 
   0.576193    0.756809    0.308613   -0.246995
   -0.65785    0.653513   -0.374372    0.184911
   -0.48501   0.0126895    0.874416 -0.00360489
          0           0           0           1
T_world_lidar: 
   0.576193    0.756809    0.308613   -0.246995
   -0.65785    0.653513   -0.374372    0.184911
   -0.48501   0.0126895    0.874416 -0.00360489
          0           0           0           1
v_world_imu: -0.00817503  -0.0103681  0.00498766
frame_3
id: 3703
stamp: 1777955705.638325691
T_odom_lidar: 
   0.577621    0.755601    0.308904   -0.247882
  -0.657569    0.654923   -0.372396    0.185826
  -0.483691   0.0119782    0.875157 -0.00340101
          0           0           0           1
T_world_lidar: 
   0.577621    0.755601    0.308904   -0.247882
  -0.657569    0.654923   -0.372396    0.185826
  -0.483691   0.0119782    0.875157 -0.00340101
          0           0           0           1
v_world_imu:  0.0225431 -0.0314359 0.00562832
frame_4
id: 3704
stamp: 1777955705.738702297
T_odom_lidar: 
  0.575905   0.758248   0.305603  -0.249096
 -0.660868   0.651851  -0.371946   0.187815
 -0.481235   0.012242   0.876506 -0.0050569
         0          0          0          1
T_world_lidar: 
  0.575905   0.758248   0.305603  -0.249096
 -0.660868   0.651851  -0.371946   0.187815
 -0.481235   0.012242   0.876506 -0.0050569
         0          0          0          1
v_world_imu:  0.0272962 -0.0108775 0.00174351
frame_5
id: 3705
stamp: 1777955705.838519335
T_odom_lidar: 
   0.577094    0.756206    0.308408   -0.248374
  -0.657956    0.654218   -0.372952     0.18591
  -0.483794   0.0123091    0.875095 -0.00497019
          0           0           0           1
T_world_lidar: 
   0.577094    0.756206    0.308408   -0.248374
  -0.657956    0.654218   -0.372952     0.18591
  -0.483794   0.0123091    0.875095 -0.00497019
          0           0           0           1
v_world_imu:  -0.0290766   0.0480133 0.000169509
frame_6
id: 3706
stamp: 1777955705.938558340
T_odom_lidar: 
   0.576937    0.756536    0.307891   -0.249285
  -0.658563    0.653838   -0.372546    0.187337
  -0.483156   0.0121701     0.87545 -0.00483653
          0           0           0           1
T_world_lidar: 
   0.576937    0.756536    0.307891   -0.249285
  -0.658563    0.653838   -0.372546    0.187337
  -0.483156   0.0121701     0.87545 -0.00483653
          0           0           0           1
v_world_imu: -0.00777837   0.0101425 9.58158e-05
frame_7
id: 3707
stamp: 1777955706.038560152
T_odom_lidar: 
   0.576261    0.756541    0.309143   -0.247886
  -0.657584    0.653829   -0.374287    0.185625
   -0.48529   0.0123991    0.874265 -0.00481137
          0           0           0           1
T_world_lidar: 
   0.576261    0.756541    0.309143   -0.247886
  -0.657584    0.653829   -0.374287    0.185625
   -0.48529   0.0123991    0.874265 -0.00481137
          0           0           0           1
v_world_imu: -0.00419296  0.00128555  0.00106998
frame_8
id: 3708
stamp: 1777955706.138304472
T_odom_lidar: 
   0.576987    0.756467    0.307968   -0.249288
   -0.65851     0.65392   -0.372497    0.187362
  -0.483168   0.0121255    0.875444 -0.00477561
          0           0           0           1
T_world_lidar: 
   0.576987    0.756467    0.307968   -0.249288
   -0.65851     0.65392   -0.372497    0.187362
  -0.483168   0.0121255    0.875444 -0.00477561
          0           0           0           1
v_world_imu:  0.00497305 -0.00837006  0.00113018
frame_9
id: 3709
stamp: 1777955706.238482237
T_odom_lidar: 
   0.576904    0.756396    0.308297   -0.248776
  -0.658227       0.654   -0.372854    0.186611
  -0.483652   0.0121715    0.875176 -0.00480772
          0           0           0           1
T_world_lidar: 
   0.576904    0.756396    0.308297   -0.248776
  -0.658227       0.654   -0.372854    0.186611
  -0.483652   0.0121715    0.875176 -0.00480772
          0           0           0           1
v_world_imu:  0.0151319 -0.0177005  0.0014441
frame_10
id: 3710
stamp: 1777955706.338709831
T_odom_lidar: 
   0.576697    0.756936    0.307358   -0.249114
  -0.659144    0.653377   -0.372327    0.187404
  -0.482648   0.0121263     0.87573 -0.00478938
          0           0           0           1
T_world_lidar: 
   0.576697    0.756936    0.307358   -0.249114
  -0.659144    0.653377   -0.372327    0.187404
  -0.482648   0.0121263     0.87573 -0.00478938
          0           0           0           1
v_world_imu: -0.000252848  -0.00211039  0.000795034
frame_11
id: 3711
stamp: 1777955706.438678026
T_odom_lidar: 
   0.57735   0.756185   0.307979   -0.24919
 -0.658429   0.654248  -0.372063   0.187096
 -0.482843  0.0120277   0.875624 -0.0047904
         0          0          0          1
T_world_lidar: 
   0.57735   0.756185   0.307979   -0.24919
 -0.658429   0.654248  -0.372063   0.187096
 -0.482843  0.0120277   0.875624 -0.0047904
         0          0          0          1
v_world_imu:  -0.00285684   0.00315775 -0.000142606
frame_12
id: 3712
stamp: 1777955706.538331747
T_odom_lidar: 
   0.576755    0.756801    0.307582   -0.248992
  -0.658853    0.653531   -0.372571    0.187152
  -0.482977   0.0122313    0.875548 -0.00477033
          0           0           0           1
T_world_lidar: 
   0.576755    0.756801    0.307582   -0.248992
  -0.658853    0.653531   -0.372571    0.187152
  -0.482977   0.0122313    0.875548 -0.00477033
          0           0           0           1
v_world_imu:  -0.00135109   0.00664649 -0.000907317
frame_13
id: 3713
stamp: 1777955706.638877869
T_odom_lidar: 
   0.577128    0.756229    0.308288   -0.248935
  -0.658179    0.654195   -0.372599    0.186818
   -0.48345   0.0121284    0.875288 -0.00477144
          0           0           0           1
T_world_lidar: 
   0.577128    0.756229    0.308288   -0.248935
  -0.658179    0.654195   -0.372599    0.186818
   -0.48345   0.0121284    0.875288 -0.00477144
          0           0           0           1
v_world_imu:  -0.00993343      0.01058 -0.000700971
frame_14
id: 3714
stamp: 1777955706.738828659
T_odom_lidar: 
   0.576886    0.756538    0.307982   -0.249093
  -0.658591    0.653839   -0.372495    0.187152
  -0.483177   0.0120528     0.87544 -0.00474627
          0           0           0           1
T_world_lidar: 
   0.576886    0.756538    0.307982   -0.249093
  -0.658591    0.653839   -0.372495    0.187152
  -0.483177   0.0120528     0.87544 -0.00474627
          0           0           0           1
v_world_imu:   0.00137435  -0.00149166 -0.000552354
frame_15
id: 3715
stamp: 1777955706.838364124
T_odom_lidar: 
   0.576841    0.756452    0.308276   -0.248597
  -0.658237    0.653935   -0.372952    0.186663
  -0.483713   0.0122152    0.875142 -0.00474614
          0           0           0           1
T_world_lidar: 
   0.576841    0.756452    0.308276   -0.248597
  -0.658237    0.653935   -0.372952    0.186663
  -0.483713   0.0122152    0.875142 -0.00474614
          0           0           0           1
v_world_imu:  -0.00167902   0.00175703 -0.000481083
frame_16
id: 3716
stamp: 1777955706.938632011
T_odom_lidar: 
    0.57707    0.756357    0.308081   -0.249039
  -0.658519     0.65405   -0.372251    0.187218
  -0.483055   0.0119378    0.875509 -0.00471049
          0           0           0           1
T_world_lidar: 
    0.57707    0.756357    0.308081   -0.249039
  -0.658519     0.65405   -0.372251    0.187218
  -0.483055   0.0119378    0.875509 -0.00471049
          0           0           0           1
v_world_imu:   0.00302518  -0.00299171 -0.000223768
frame_17
id: 3717
stamp: 1777955707.038603783
T_odom_lidar: 
   0.576862    0.756473    0.308185   -0.248633
  -0.658461    0.653915   -0.372591    0.186829
  -0.483382   0.0120056    0.875327 -0.00467668
          0           0           0           1
T_world_lidar: 
   0.576862    0.756473    0.308185   -0.248633
  -0.658461    0.653915   -0.372591    0.186829
  -0.483382   0.0120056    0.875327 -0.00467668
          0           0           0           1
v_world_imu:   0.00694654  -0.00411975 -0.000100856
frame_18
id: 3718
stamp: 1777955707.138802290
T_odom_lidar: 
    0.57697    0.756549    0.307797   -0.248685
  -0.658744    0.653827   -0.372246     0.18718
  -0.482868    0.012015     0.87561 -0.00462084
          0           0           0           1
T_world_lidar: 
    0.57697    0.756549    0.307797   -0.248685
  -0.658744    0.653827   -0.372246     0.18718
  -0.482868    0.012015     0.87561 -0.00462084
          0           0           0           1
v_world_imu:  0.000463711  -0.00165222 -0.000223939
frame_19
id: 3719
stamp: 1777955707.238310099
T_odom_lidar: 
  0.577167   0.756342   0.307937   -0.24855
 -0.658556   0.654067  -0.372157     0.1871
  -0.48289  0.0120032   0.875599 -0.0045078
         0          0          0          1
T_world_lidar: 
  0.577167   0.756342   0.307937   -0.24855
 -0.658556   0.654067  -0.372157     0.1871
  -0.48289  0.0120032   0.875599 -0.0045078
         0          0          0          1
v_world_imu:   0.00170118 -0.000421544  0.000234477
frame_20
id: 3720
stamp: 1777955707.338721275
T_odom_lidar: 
   0.576938    0.756578    0.307787    -0.24825
  -0.658731    0.653793   -0.372329    0.187103
  -0.482925   0.0120623    0.875579 -0.00438304
          0           0           0           1
T_world_lidar: 
   0.576938    0.756578    0.307787    -0.24825
  -0.658731    0.653793   -0.372329    0.187103
  -0.482925   0.0120623    0.875579 -0.00438304
          0           0           0           1
v_world_imu: 0.000832803 0.000454964 0.000283754
frame_21
id: 3721
stamp: 1777955707.438410044
T_odom_lidar: 
   0.577247    0.756324     0.30783   -0.248167
  -0.658605    0.654086   -0.372035     0.18693
  -0.482726   0.0120175    0.875689 -0.00424378
          0           0           0           1
T_world_lidar: 
   0.577247    0.756324     0.30783   -0.248167
  -0.658605    0.654086   -0.372035     0.18693
  -0.482726   0.0120175    0.875689 -0.00424378
          0           0           0           1
v_world_imu: -0.00388469  0.00263742 0.000661161
frame_22
id: 3722
stamp: 1777955707.538371801
T_odom_lidar: 
   0.577035    0.756625    0.307488   -0.245597
  -0.659055    0.653741   -0.371847     0.18322
  -0.482366   0.0119176    0.875889 -0.00421097
          0           0           0           1
T_world_lidar: 
   0.577035    0.756625    0.307488   -0.245597
  -0.659055    0.653741   -0.371847     0.18322
  -0.482366   0.0119176    0.875889 -0.00421097
          0           0           0           1
v_world_imu:    0.0549574   -0.0861991 -0.000695422
frame_23
id: 3723
stamp: 1777955707.638427019
T_odom_lidar: 
   0.576861    0.756773     0.30745   -0.239167
  -0.658778    0.653559   -0.372656    0.173926
  -0.482953   0.0124298    0.875558 -0.00429988
          0           0           0           1
T_world_lidar: 
   0.576861    0.756773     0.30745   -0.239167
  -0.658778    0.653559   -0.372656    0.173926
  -0.482953   0.0124298    0.875558 -0.00429988
          0           0           0           1
v_world_imu:   0.0729906   -0.101034 0.000366349
frame_24
id: 3724
stamp: 1777955707.738668680
T_odom_lidar: 
   0.576953    0.756512     0.30792   -0.229219
  -0.658656     0.65387   -0.372326    0.160751
  -0.483009   0.0120014    0.875533 -0.00461099
          0           0           0           1
T_world_lidar: 
   0.576953    0.756512     0.30792   -0.229219
  -0.658656     0.65387   -0.372326    0.160751
  -0.483009   0.0120014    0.875533 -0.00461099
          0           0           0           1
v_world_imu:    0.149318    -0.17907 -0.00964991
frame_25
id: 3725
stamp: 1777955707.838432312
T_odom_lidar: 
   0.578058    0.755136    0.309223   -0.217345
  -0.658248    0.655484   -0.370203    0.147596
  -0.482244   0.0104534    0.875974 -0.00507697
          0           0           0           1
T_world_lidar: 
   0.578058    0.755136    0.309223   -0.217345
  -0.658248    0.655484   -0.370203    0.147596
  -0.482244   0.0104534    0.875974 -0.00507697
          0           0           0           1
v_world_imu:   0.169945  -0.121752 0.00210077
frame_26
id: 3726
stamp: 1777955707.938353300
T_odom_lidar: 
   0.579012    0.752747    0.313237   -0.197414
  -0.653186    0.658198   -0.374331    0.131472
  -0.487948   0.0121402    0.872788 -0.00571678
          0           0           0           1
T_world_lidar: 
   0.579012    0.752747    0.313237   -0.197414
  -0.653186    0.658198   -0.374331    0.131472
  -0.487948   0.0121402    0.872788 -0.00571678
          0           0           0           1
v_world_imu:    0.209925   -0.132643 -0.00472269
frame_27
id: 3727
stamp: 1777955708.038280010
T_odom_lidar: 
    0.5763   0.756687   0.308713  -0.184359
 -0.658381   0.653671   -0.37316   0.125112
 -0.484162  0.0118012   0.874899 -0.0059811
         0          0          0          1
T_world_lidar: 
    0.5763   0.756687   0.308713  -0.184359
 -0.658381   0.653671   -0.37316   0.125112
 -0.484162  0.0118012   0.874899 -0.0059811
         0          0          0          1
v_world_imu:   0.125078 -0.0941054 0.00297606
frame_28
id: 3728
stamp: 1777955708.138094425
T_odom_lidar: 
   0.580987    0.751668    0.312169   -0.168261
  -0.654021    0.659447   -0.370657    0.111916
   -0.48447   0.0111815    0.874737 -0.00643233
          0           0           0           1
T_world_lidar: 
   0.580987    0.751668    0.312169   -0.168261
  -0.654021    0.659447   -0.370657    0.111916
   -0.48447   0.0111815    0.874737 -0.00643233
          0           0           0           1
v_world_imu:    0.192999   -0.150541 -0.00642892
frame_29
id: 3729
stamp: 1777955708.238342762
T_odom_lidar: 
  0.580175   0.751607   0.313821  -0.146804
 -0.652925   0.659516  -0.372462  0.0951232
 -0.486915  0.0111916   0.873378 -0.0069662
         0          0          0          1
T_world_lidar: 
  0.580175   0.751607   0.313821  -0.146804
 -0.652925   0.659516  -0.372462  0.0951232
 -0.486915  0.0111916   0.873378 -0.0069662
         0          0          0          1
v_world_imu:   0.176005  -0.100436 -0.0135659
frame_30
id: 3730
stamp: 1777955708.338437796
T_odom_lidar: 
   0.580166    0.751104     0.31504   -0.123728
  -0.651468     0.66008   -0.374011   0.0796685
  -0.488873   0.0117499    0.872276 -0.00752047
          0           0           0           1
T_world_lidar: 
   0.580166    0.751104     0.31504   -0.123728
  -0.651468     0.66008   -0.374011   0.0796685
  -0.488873   0.0117499    0.872276 -0.00752047
          0           0           0           1
v_world_imu:  0.181365 -0.105357 -0.010231
frame_31
id: 3731
stamp: 1777955708.438479185
T_odom_lidar: 
   0.580801    0.751123    0.313822   -0.104166
  -0.652197    0.660056   -0.372781   0.0638665
  -0.487144   0.0118377    0.873241 -0.00796957
          0           0           0           1
T_world_lidar: 
   0.580801    0.751123    0.313822   -0.104166
  -0.652197    0.660056   -0.372781   0.0638665
  -0.487144   0.0118377    0.873241 -0.00796957
          0           0           0           1
v_world_imu:    0.167255   -0.137742 -0.00839617
frame_32
id: 3732
stamp: 1777955708.538476229
T_odom_lidar: 
   0.581116    0.749673    0.316692  -0.0843203
  -0.650136    0.661715    -0.37344   0.0448816
  -0.489518   0.0111193    0.871923 -0.00818509
          0           0           0           1
T_world_lidar: 
   0.581116    0.749673    0.316692  -0.0843203
  -0.650136    0.661715    -0.37344   0.0448816
  -0.489518   0.0111193    0.871923 -0.00818509
          0           0           0           1
v_world_imu:    0.142733   -0.119438 -0.00176694
frame_33
id: 3733
stamp: 1777955708.638765574
T_odom_lidar: 
   0.581233    0.749301    0.317357  -0.0638798
  -0.649221    0.662129   -0.374296   0.0274025
  -0.490592   0.0115186    0.871313 -0.00827364
          0           0           0           1
T_world_lidar: 
   0.581233    0.749301    0.317357  -0.0638798
  -0.649221    0.662129   -0.374296   0.0274025
  -0.490592   0.0115186    0.871313 -0.00827364
          0           0           0           1
v_world_imu:    0.175032   -0.146711 -0.00858925
frame_34
id: 3734
stamp: 1777955708.738783360
T_odom_lidar: 
   0.580123     0.74988    0.318021   -0.044878
  -0.648308    0.661455   -0.377059  0.00998817
  -0.493106   0.0125653    0.869879 -0.00864314
          0           0           0           1
T_world_lidar: 
   0.580123     0.74988    0.318021   -0.044878
  -0.648308    0.661455   -0.377059  0.00998817
  -0.493106   0.0125653    0.869879 -0.00864314
          0           0           0           1
v_world_imu:    0.116077    -0.09673 -0.00411228
frame_35
id: 3735
stamp: 1777955708.838685751
T_odom_lidar: 
   0.580887    0.748793    0.319186  -0.0334167
  -0.646018    0.662659   -0.378872 -0.00172975
  -0.495208   0.0138817    0.868664  -0.0082002
          0           0           0           1
T_world_lidar: 
   0.580887    0.748793    0.319186  -0.0334167
  -0.646018    0.662659   -0.378872 -0.00172975
  -0.495208   0.0138817    0.868664  -0.0082002
          0           0           0           1
v_world_imu: -0.00409395  -0.0344396 0.000297449
frame_36
id: 3736
stamp: 1777955708.938477755
T_odom_lidar: 
   0.580036    0.749365    0.319392  -0.0283598
   -0.64816    0.662062   -0.376247 -0.00564551
  -0.493403   0.0112197    0.869728 -0.00809825
          0           0           0           1
T_world_lidar: 
   0.580036    0.749365    0.319392  -0.0283598
   -0.64816    0.662062   -0.376247 -0.00564551
  -0.493403   0.0112197    0.869728 -0.00809825
          0           0           0           1
v_world_imu:  0.0463653 -0.0897303 0.00422237
frame_37
id: 3737
stamp: 1777955709.038425207
T_odom_lidar: 
   0.582197    0.748621    0.317195  -0.0276733
  -0.647999    0.662874   -0.375094 -0.00756113
  -0.491063   0.0128364    0.871029  -0.0079664
          0           0           0           1
T_world_lidar: 
   0.582197    0.748621    0.317195  -0.0276733
  -0.647999    0.662874   -0.375094 -0.00756113
  -0.491063   0.0128364    0.871029  -0.0079664
          0           0           0           1
v_world_imu:  0.0430223 -0.0350864 0.00117349
frame_38
id: 3738
stamp: 1777955709.138472557
T_odom_lidar: 
   0.580581    0.750901    0.314759    -0.02949
  -0.651678    0.660313   -0.373232 -0.00388474
    -0.4881   0.0115704    0.872711 -0.00769242
          0           0           0           1
T_world_lidar: 
   0.580581    0.750901    0.314759    -0.02949
  -0.651678    0.660313   -0.373232 -0.00388474
    -0.4881   0.0115704    0.872711 -0.00769242
          0           0           0           1
v_world_imu: -0.0185833  0.0176872  0.0041419
frame_39
id: 3739
stamp: 1777955709.238759756
T_odom_lidar: 
   0.581148    0.749689    0.316597  -0.0292919
  -0.650002    0.661693   -0.373711 -0.00484611
  -0.489657   0.0113929    0.871841 -0.00749202
          0           0           0           1
T_world_lidar: 
   0.581148    0.749689    0.316597  -0.0292919
  -0.650002    0.661693   -0.373711 -0.00484611
  -0.489657   0.0113929    0.871841 -0.00749202
          0           0           0           1
v_world_imu:  0.00792215 -0.00667179 0.000660825
frame_40
id: 3740
stamp: 1777955709.338344336
T_odom_lidar: 
  0.581274   0.749693   0.316354 -0.0291997
 -0.649334   0.661667  -0.374916 -0.0056992
 -0.490393  0.0125096   0.871412 -0.0073831
         0          0          0          1
T_world_lidar: 
  0.581274   0.749693   0.316354 -0.0291997
 -0.649334   0.661667  -0.374916 -0.0056992
 -0.490393  0.0125096   0.871412 -0.0073831
         0          0          0          1
v_world_imu:   -0.0200187      0.02755 -0.000563161
frame_41
id: 3741
stamp: 1777955709.438483715
T_odom_lidar: 
   0.580664    0.749901    0.316983  -0.0293216
  -0.649797    0.661451   -0.374495 -0.00490722
  -0.490503   0.0114814    0.871364 -0.00726209
          0           0           0           1
T_world_lidar: 
   0.580664    0.749901    0.316983  -0.0293216
  -0.649797    0.661451   -0.374495 -0.00490722
  -0.490503   0.0114814    0.871364 -0.00726209
          0           0           0           1
v_world_imu:  -0.00939912   0.00230018 -0.000470876
frame_42
id: 3742
stamp: 1777955709.538694143
T_odom_lidar: 
   0.581089    0.749326    0.317564  -0.0289866
  -0.648925    0.662097   -0.374864 -0.00560869
  -0.491153   0.0117544    0.870994 -0.00722374
          0           0           0           1
T_world_lidar: 
   0.581089    0.749326    0.317564  -0.0289866
  -0.648925    0.662097   -0.374864 -0.00560869
  -0.491153   0.0117544    0.870994 -0.00722374
          0           0           0           1
v_world_imu:   0.00421395   0.00287064 -8.24099e-05
frame_43
id: 3743
stamp: 1777955709.638785601
T_odom_lidar: 
    0.58073    0.750043    0.316525  -0.0294819
  -0.649924    0.661284    -0.37457 -0.00490434
  -0.490256   0.0118066    0.871498 -0.00720158
          0           0           0           1
T_world_lidar: 
    0.58073    0.750043    0.316525  -0.0294819
  -0.649924    0.661284    -0.37457 -0.00490434
  -0.490256   0.0118066    0.871498 -0.00720158
          0           0           0           1
v_world_imu:  0.00210518   -0.008978 -0.00018911
frame_44
id: 3744
stamp: 1777955709.738546848
T_odom_lidar: 
   0.581077    0.749459    0.317271  -0.0294797
  -0.649526    0.661955   -0.374074 -0.00507508
  -0.490372   0.0112899     0.87144 -0.00723657
          0           0           0           1
T_world_lidar: 
   0.581077    0.749459    0.317271  -0.0294797
  -0.649526    0.661955   -0.374074 -0.00507508
  -0.490372   0.0112899     0.87144 -0.00723657
          0           0           0           1
v_world_imu: 0.000874522 -0.00607757 0.000535863
frame_45
id: 3745
stamp: 1777955709.838383913
T_odom_lidar: 
   0.580643    0.750174    0.316373  -0.0296326
  -0.650172    0.661136     -0.3744 -0.00483964
   -0.49003    0.011696    0.871627 -0.00725003
          0           0           0           1
T_world_lidar: 
   0.580643    0.750174    0.316373  -0.0296326
  -0.650172    0.661136     -0.3744 -0.00483964
   -0.49003    0.011696    0.871627 -0.00725003
          0           0           0           1
v_world_imu:   0.00645297  -0.00427845 -0.000134262
frame_46
id: 3746
stamp: 1777955709.938359499
T_odom_lidar: 
   0.581131    0.749612    0.316809  -0.0297284
  -0.649681    0.661776   -0.374123 -0.00494987
  -0.490104   0.0115897    0.871587 -0.00729337
          0           0           0           1
T_world_lidar: 
   0.581131    0.749612    0.316809  -0.0297284
  -0.649681    0.661776   -0.374123 -0.00494987
  -0.490104   0.0115897    0.871587 -0.00729337
          0           0           0           1
v_world_imu: -0.00372897   0.0034619 0.000657895
frame_47
id: 3747
stamp: 1777955710.038733244
T_odom_lidar: 
   0.580807    0.749927     0.31666   -0.029828
  -0.650009    0.661421    -0.37418 -0.00470366
  -0.490053   0.0114948    0.871617 -0.00730321
          0           0           0           1
T_world_lidar: 
   0.580807    0.749927     0.31666   -0.029828
  -0.650009    0.661421    -0.37418 -0.00470366
  -0.490053   0.0114948    0.871617 -0.00730321
          0           0           0           1
v_world_imu: -0.000775356   0.00169672  0.000746954
frame_48
id: 3748
stamp: 1777955710.138380051
T_odom_lidar: 
   0.580857    0.749728    0.317038  -0.0296165
  -0.649595    0.661645   -0.374502 -0.00503886
  -0.490541   0.0115856    0.871341 -0.00731375
          0           0           0           1
T_world_lidar: 
   0.580857    0.749728    0.317038  -0.0296165
  -0.649595    0.661645   -0.374502 -0.00503886
  -0.490541   0.0115856    0.871341 -0.00731375
          0           0           0           1
v_world_imu: -0.00287905  0.00202193 0.000801457
frame_49
id: 3749
stamp: 1777955710.238530874
T_odom_lidar: 
   0.581037    0.749707    0.316758  -0.0299353
  -0.649741    0.661668   -0.374207 -0.00468082
  -0.490134   0.0116174    0.871569 -0.00727943
          0           0           0           1
T_world_lidar: 
   0.581037    0.749707    0.316758  -0.0299353
  -0.649741    0.661668   -0.374207 -0.00468082
  -0.490134   0.0116174    0.871569 -0.00727943
          0           0           0           1
v_world_imu: -0.00142916  0.00287356  0.00125226
frame_50
id: 3750
stamp: 1777955710.338897705
T_odom_lidar: 
   0.580881    0.749772    0.316891  -0.0296408
  -0.649627    0.661593    -0.37454 -0.00499627
  -0.490472    0.011702    0.871378 -0.00719127
          0           0           0           1
T_world_lidar: 
   0.580881    0.749772    0.316891  -0.0296408
  -0.649627    0.661593    -0.37454 -0.00499627
  -0.490472    0.011702    0.871378 -0.00719127
          0           0           0           1
v_world_imu:   0.0025881 -0.00110457  0.00208649
frame_51
id: 3751
stamp: 1777955710.438360691
T_odom_lidar: 
   0.581023    0.749677    0.316853  -0.0298453
  -0.649713    0.661703   -0.374196 -0.00477357
  -0.490189   0.0115536     0.87154 -0.00706039
          0           0           0           1
T_world_lidar: 
   0.581023    0.749677    0.316853  -0.0298453
  -0.649713    0.661703   -0.374196 -0.00477357
  -0.490189   0.0115536     0.87154 -0.00706039
          0           0           0           1
v_world_imu: -0.0020758  0.0032752 0.00249075
frame_52
id: 3752
stamp: 1777955710.538471460
T_odom_lidar: 
   0.581051    0.749696    0.316758  -0.0297184
  -0.649656    0.661679   -0.374336 -0.00495174
  -0.490231   0.0117246    0.871514 -0.00697049
          0           0           0           1
T_world_lidar: 
   0.581051    0.749696    0.316758  -0.0297184
  -0.649656    0.661679   -0.374336 -0.00495174
  -0.490231   0.0117246    0.871514 -0.00697049
          0           0           0           1
v_world_imu:  0.00264409 -0.00467288  0.00118007
frame_53
id: 3753
stamp: 1777955710.638273716
T_odom_lidar: 
    0.58095    0.749785    0.316733  -0.0297319
   -0.64974    0.661578    -0.37437 -0.00490367
   -0.49024   0.0116961    0.871509 -0.00690597
          0           0           0           1
T_world_lidar: 
    0.58095    0.749785    0.316733  -0.0297319
   -0.64974    0.661578    -0.37437 -0.00490367
   -0.49024   0.0116961    0.871509 -0.00690597
          0           0           0           1
v_world_imu: -0.00215166  0.00359233  0.00172166
frame_54
id: 3754
stamp: 1777955710.738744020
T_odom_lidar: 
   0.581134    0.749615    0.316796  -0.0297443
  -0.649633    0.661771   -0.374214 -0.00488288
  -0.490163   0.0116677    0.871553 -0.00684123
          0           0           0           1
T_world_lidar: 
   0.581134    0.749615    0.316796  -0.0297443
  -0.649633    0.661771   -0.374214 -0.00488288
  -0.490163   0.0116677    0.871553 -0.00684123
          0           0           0           1
v_world_imu:  0.00282965 -0.00285637  0.00101355
frame_55
id: 3755
stamp: 1777955710.838434696
T_odom_lidar: 
   0.580982    0.749771    0.316707  -0.0295753
  -0.649736    0.661593   -0.374349 -0.00498503
  -0.490207   0.0117141    0.871527 -0.00679961
          0           0           0           1
T_world_lidar: 
   0.580982    0.749771    0.316707  -0.0295753
  -0.649736    0.661593   -0.374349 -0.00498503
  -0.490207   0.0117141    0.871527 -0.00679961
          0           0           0           1
v_world_imu: 2.70075e-05 0.000746806 0.000821617
frame_56
id: 3756
stamp: 1777955710.938601732
T_odom_lidar: 
   0.581228    0.749607    0.316643  -0.0295994
  -0.649646    0.661778   -0.374179 -0.00491742
  -0.490035   0.0117772    0.871623 -0.00677805
          0           0           0           1
T_world_lidar: 
   0.581228    0.749607    0.316643  -0.0295994
  -0.649646    0.661778   -0.374179 -0.00491742
  -0.490035   0.0117772    0.871623 -0.00677805
          0           0           0           1
v_world_imu:  0.00111486 -0.00180059 0.000471837
frame_57
id: 3757
stamp: 1777955711.038350821
T_odom_lidar: 
   0.581157    0.749672     0.31662  -0.0294997
  -0.649672    0.661704   -0.374265 -0.00499306
  -0.490085   0.0118072    0.871595 -0.00676946
          0           0           0           1
T_world_lidar: 
   0.581157    0.749672     0.31662  -0.0294997
  -0.649672    0.661704   -0.374265 -0.00499306
  -0.490085   0.0118072    0.871595 -0.00676946
          0           0           0           1
v_world_imu:   0.00161964 -0.000250203  2.29447e-05
frame_58
id: 3758
stamp: 1777955711.138432026
T_odom_lidar: 
    0.58116    0.749666    0.316629  -0.0294486
  -0.649716    0.661713   -0.374174 -0.00501209
  -0.490023   0.0117359    0.871631 -0.00677589
          0           0           0           1
T_world_lidar: 
    0.58116    0.749666    0.316629  -0.0294486
  -0.649716    0.661713   -0.374174 -0.00501209
  -0.490023   0.0117359    0.871631 -0.00677589
          0           0           0           1
v_world_imu:  6.48862e-05 -0.000352433 -0.000443272
frame_59
id: 3759
stamp: 1777955711.238466501
T_odom_lidar: 
   0.581275     0.74959    0.316597  -0.0294714
  -0.649697    0.661798   -0.374055 -0.00501828
  -0.489911   0.0117366    0.871693 -0.00679489
          0           0           0           1
T_world_lidar: 
   0.581275     0.74959    0.316597  -0.0294714
  -0.649697    0.661798   -0.374055 -0.00501828
  -0.489911   0.0117366    0.871693 -0.00679489
          0           0           0           1
v_world_imu:  0.000426074 -0.000215794 -0.000585692
frame_60
id: 3760
stamp: 1777955711.338356256
T_odom_lidar: 
   0.581229    0.749642    0.316558  -0.0293562
  -0.649711    0.661738   -0.374136 -0.00512913
  -0.489947   0.0117877    0.871673 -0.00682283
          0           0           0           1
T_world_lidar: 
   0.581229    0.749642    0.316558  -0.0293562
  -0.649711    0.661738   -0.374136 -0.00512913
  -0.489947   0.0117877    0.871673 -0.00682283
          0           0           0           1
v_world_imu:  0.000178235 -0.000705094  -0.00111552
frame_61
id: 3761
stamp: 1777955711.438362837
T_odom_lidar: 
   0.581297    0.749568    0.316609  -0.0293892
  -0.649738    0.661825   -0.373936 -0.00509876
   -0.48983    0.011655     0.87174 -0.00685218
          0           0           0           1
T_world_lidar: 
   0.581297    0.749568    0.316609  -0.0293892
  -0.649738    0.661825   -0.373936 -0.00509876
   -0.48983    0.011655     0.87174 -0.00685218
          0           0           0           1
v_world_imu: -0.00162021  0.00142323 -0.00101346
frame_62
id: 3762
stamp: 1777955711.538537025
T_odom_lidar: 
   0.581253    0.749613    0.316583  -0.0293511
  -0.649785    0.661773   -0.373945 -0.00518899
  -0.489821   0.0116459    0.871745 -0.00688084
          0           0           0           1
T_world_lidar: 
   0.581253    0.749613    0.316583  -0.0293511
  -0.649785    0.661773   -0.373945 -0.00518899
  -0.489821   0.0116459    0.871745 -0.00688084
          0           0           0           1
v_world_imu:  0.000441582 -0.000735165  -0.00123867
frame_63
id: 3763
stamp: 1777955711.638629198
T_odom_lidar: 
   0.581221    0.749808    0.316181  -0.0293203
  -0.650209    0.661555   -0.373595   -0.005368
  -0.489295   0.0115569    0.872042 -0.00689598
          0           0           0           1
T_world_lidar: 
   0.581221    0.749808    0.316181  -0.0293203
  -0.650209    0.661555   -0.373595   -0.005368
  -0.489295   0.0115569    0.872042 -0.00689598
          0           0           0           1
v_world_imu: -0.000560309  -0.00394164  0.000658064
frame_64
id: 3764
stamp: 1777955711.738326311
T_odom_lidar: 
   0.579695    0.751533    0.314882  -0.0267256
  -0.652209      0.6596   -0.373565 -0.00990677
  -0.488443    0.011185    0.872524 -0.00657453
          0           0           0           1
T_world_lidar: 
   0.579695    0.751533    0.314882  -0.0267256
  -0.652209      0.6596   -0.373565 -0.00990677
  -0.488443    0.011185    0.872524 -0.00657453
          0           0           0           1
v_world_imu:   0.056239 -0.0909082 0.00203244
frame_65
id: 3765
stamp: 1777955711.838203430
T_odom_lidar: 
  0.580767       0.75   0.316558 -0.0188951
 -0.650386   0.661344  -0.373662 -0.0208155
   -0.4896  0.0111252   0.871876 -0.0064374
         0          0          0          1
T_world_lidar: 
  0.580767       0.75   0.316558 -0.0188951
 -0.650386   0.661344  -0.373662 -0.0208155
   -0.4896  0.0111252   0.871876 -0.0064374
         0          0          0          1
v_world_imu:     0.07925  -0.0906888 -0.00321984
frame_66
id: 3766
stamp: 1777955711.938505650
T_odom_lidar: 
   0.581691    0.748598    0.318177 -0.00864281
   -0.64836    0.662924   -0.374381  -0.0321274
  -0.491188   0.0114808    0.870978 -0.00658078
          0           0           0           1
T_world_lidar: 
   0.581691    0.748598    0.318177 -0.00864281
   -0.64836    0.662924   -0.374381  -0.0321274
  -0.491188   0.0114808    0.870978 -0.00658078
          0           0           0           1
v_world_imu:   0.0741339  -0.0816686 -0.00242135
frame_67
id: 3767
stamp: 1777955712.038372755
T_odom_lidar: 
   0.581293    0.748613    0.318868 -0.00109498
  -0.647969    0.662908   -0.375085  -0.0408652
  -0.492174   0.0114175    0.870422 -0.00676222
          0           0           0           1
T_world_lidar: 
   0.581293    0.748613    0.318868 -0.00109498
  -0.647969    0.662908   -0.375085  -0.0408652
  -0.492174   0.0114175    0.870422 -0.00676222
          0           0           0           1
v_world_imu:   0.0381109  -0.0517612 -0.00118037
frame_68
id: 3768
stamp: 1777955712.138492823
T_odom_lidar: 
   0.582185    0.748446     0.31763  0.00226472
  -0.648711    0.663099   -0.373463  -0.0453139
  -0.490137   0.0113745    0.871571 -0.00678425
          0           0           0           1
T_world_lidar: 
   0.582185    0.748446     0.31763  0.00226472
  -0.648711    0.663099   -0.373463  -0.0453139
  -0.490137   0.0113745    0.871571 -0.00678425
          0           0           0           1
v_world_imu:  0.0373088 -0.0549693 -0.0019513
frame_69
id: 3769
stamp: 1777955712.238749027
T_odom_lidar: 
   0.581665    0.749151    0.316922  0.00491046
  -0.649603    0.662304   -0.373322  -0.0485587
  -0.489573   0.0112748     0.87189 -0.00680187
          0           0           0           1
T_world_lidar: 
   0.581665    0.749151    0.316922  0.00491046
  -0.649603    0.662304   -0.373322  -0.0485587
  -0.489573   0.0112748     0.87189 -0.00680187
          0           0           0           1
v_world_imu:    0.0377007   -0.0357671 -0.000281693
frame_70
id: 3770
stamp: 1777955712.338724375
T_odom_lidar: 
   0.582327     0.74855    0.317124  0.00641289
  -0.648846    0.662975   -0.373449  -0.0506765
   -0.48979    0.011705    0.871762 -0.00683482
          0           0           0           1
T_world_lidar: 
   0.582327     0.74855    0.317124  0.00641289
  -0.648846    0.662975   -0.373449  -0.0506765
   -0.48979    0.011705    0.871762 -0.00683482
          0           0           0           1
v_world_imu:  0.00442273 -0.00901795 -0.00064974
frame_71
id: 3771
stamp: 1777955712.438412905
T_odom_lidar: 
   0.582379     0.74868    0.316721  0.00557336
  -0.649663    0.662839   -0.372266  -0.0493525
  -0.488643   0.0110384    0.872414 -0.00681038
          0           0           0           1
T_world_lidar: 
   0.582379     0.74868    0.316721  0.00557336
  -0.649663    0.662839   -0.372266  -0.0493525
  -0.488643   0.0110384    0.872414 -0.00681038
          0           0           0           1
v_world_imu:   -0.0119192    0.0250848 -3.04021e-06
frame_72
id: 3772
stamp: 1777955712.538435459
T_odom_lidar: 
   0.582569    0.748755    0.316195   0.0050389
  -0.649454    0.662741   -0.372805  -0.0489826
  -0.488695   0.0118299    0.872374 -0.00675768
          0           0           0           1
T_world_lidar: 
   0.582569    0.748755    0.316195   0.0050389
  -0.649454    0.662741   -0.372805  -0.0489826
  -0.488695   0.0118299    0.872374 -0.00675768
          0           0           0           1
v_world_imu: -0.00562179   0.0112695 -0.00145121
frame_73
id: 3773
stamp: 1777955712.638586044
T_odom_lidar: 
   0.582128     0.74847    0.317679  0.00621399
  -0.648721    0.663072   -0.373493  -0.0501223
  -0.490192   0.0113357    0.871541 -0.00676592
          0           0           0           1
T_world_lidar: 
   0.582128     0.74847    0.317679  0.00621399
  -0.648721    0.663072   -0.373493  -0.0501223
  -0.490192   0.0113357    0.871541 -0.00676592
          0           0           0           1
v_world_imu:  -0.0157672   0.0179045 0.000376026
frame_74
id: 3774
stamp: 1777955712.738418341
T_odom_lidar: 
   0.582012    0.748518    0.317778  0.00617919
   -0.64857    0.663015   -0.373855  -0.0499509
  -0.490529   0.0114867    0.871349 -0.00672702
          0           0           0           1
T_world_lidar: 
   0.582012    0.748518    0.317778  0.00617919
   -0.64857    0.663015   -0.373855  -0.0499509
  -0.490529   0.0114867    0.871349 -0.00672702
          0           0           0           1
v_world_imu: -0.00292902  0.00850386  0.00134408
frame_75
id: 3775
stamp: 1777955712.838845015
T_odom_lidar: 
   0.582542    0.748317     0.31728  0.00575369
  -0.648727     0.66324   -0.373182  -0.0495357
  -0.489692   0.0115657    0.871819 -0.00673378
          0           0           0           1
T_world_lidar: 
   0.582542    0.748317     0.31728  0.00575369
  -0.648727     0.66324   -0.373182  -0.0495357
  -0.489692   0.0115657    0.871819 -0.00673378
          0           0           0           1
v_world_imu:  0.0117009 -0.0128724 0.00178521
frame_76
id: 3776
stamp: 1777955712.938403606
T_odom_lidar: 
   0.582388     0.74857    0.316967  0.00574409
  -0.649042    0.662955   -0.373143  -0.0495466
  -0.489458   0.0115891     0.87195 -0.00674578
          0           0           0           1
T_world_lidar: 
   0.582388     0.74857    0.316967  0.00574409
  -0.649042    0.662955   -0.373143  -0.0495466
  -0.489458   0.0115891     0.87195 -0.00674578
          0           0           0           1
v_world_imu:  0.00907607 -0.00916598  0.00164661
frame_77
id: 3777
stamp: 1777955713.038385868
T_odom_lidar: 
