id: 9
T_world_origin: 
  0.794569   0.601447 -0.0831984    1.25533
 -0.595719   0.798716  0.0846874    4.57242
  0.117387 -0.0177271   0.992928 -0.0148317
         0          0          0          1
T_origin_endpoint_L: 
   0.89788   0.439859  0.0183033   0.448574
  -0.44022   0.896668  0.0468279  -0.271256
0.00418565 -0.0501033   0.998735 -0.0540264
         0          0          0          1
T_origin_endpoint_R: 
 0.615439 -0.787719 0.0270637 -0.127221
 0.785681  0.610389 -0.100653   0.16901
0.0627668 0.0832092  0.994553 0.0136601
        0         0         0         1
T_lidar_imu: 
     1      0      0  0.006
     0      1      0 -0.012
     0      0      1  0.008
     0      0      0      1
imu_bias: -0.000247208 -0.000856401  -0.00627245 -0.000355767 -0.000644125   0.00191957
frame_id: 2
num_frames: 80
frame_0
id: 1437
stamp: 1777101622.662408829
T_odom_lidar: 
   0.44831   0.892965 -0.0403854    1.46145
  -0.88614   0.449907   0.111079    4.09379
  0.117359 -0.0140106   0.992991 -0.0198269
         0          0          0          1
T_world_lidar: 
   0.44831   0.892965 -0.0403854    1.46145
  -0.88614   0.449907   0.111079    4.09379
  0.117359 -0.0140106   0.992991 -0.0198269
         0          0          0          1
v_world_imu:  -0.022621  0.0104892 0.00328284
frame_1
id: 1438
stamp: 1777101622.762204170
T_odom_lidar: 
  0.448427   0.892882 -0.0409239    1.45891
 -0.885908    0.45007   0.112268    4.09512
   0.11866  -0.014089   0.992835 -0.0196456
         0          0          0          1
T_world_lidar: 
  0.448427   0.892882 -0.0409239    1.45891
 -0.885908    0.45007   0.112268    4.09512
   0.11866  -0.014089   0.992835 -0.0196456
         0          0          0          1
v_world_imu:  0.000222651   0.00891894 -0.000690267
frame_2
id: 1439
stamp: 1777101622.863204479
T_odom_lidar: 
  0.448026   0.893114 -0.0402491    1.45991
  -0.88635   0.449617   0.110582    4.09558
  0.116859  -0.013869   0.993052 -0.0199104
         0          0          0          1
T_world_lidar: 
  0.448026   0.893114 -0.0402491    1.45991
  -0.88635   0.449617   0.110582    4.09558
  0.116859  -0.013869   0.993052 -0.0199104
         0          0          0          1
v_world_imu: -0.000130259    0.0272623  -0.00204216
frame_3
id: 1440
stamp: 1777101622.962469578
T_odom_lidar: 
   0.44748   0.893393 -0.0401373    1.45519
  -0.88658   0.449056    0.11102    4.10304
  0.117208 -0.0140942   0.993007 -0.0197573
         0          0          0          1
T_world_lidar: 
   0.44748   0.893393 -0.0401373    1.45519
  -0.88658   0.449056    0.11102    4.10304
  0.117208 -0.0140942   0.993007 -0.0197573
         0          0          0          1
v_world_imu: -0.0784766   0.110957 0.00338969
frame_4
id: 1441
stamp: 1777101623.063269377
T_odom_lidar: 
   0.44631   0.893984  -0.040005    1.44792
  -0.88707   0.447866   0.111903    4.11633
  0.117956 -0.0144563   0.992914 -0.0195383
         0          0          0          1
T_world_lidar: 
   0.44631   0.893984  -0.040005    1.44792
  -0.88707   0.447866   0.111903    4.11633
  0.117956 -0.0144563   0.992914 -0.0195383
         0          0          0          1
v_world_imu:  -0.0351118    0.141275 -0.00192503
frame_5
id: 1442
stamp: 1777101623.163192034
T_odom_lidar: 
  0.449545   0.892424 -0.0385802    1.44567
 -0.885662   0.450927   0.110759    4.12616
  0.116241 -0.0156221   0.993098 -0.0199422
         0          0          0          1
T_world_lidar: 
  0.449545   0.892424 -0.0385802    1.44567
 -0.885662   0.450927   0.110759    4.12616
  0.116241 -0.0156221   0.993098 -0.0199422
         0          0          0          1
v_world_imu:   -0.025801   0.0582545 -0.00298432
frame_6
id: 1443
stamp: 1777101623.262482882
T_odom_lidar: 
  0.446989    0.89371 -0.0385165    1.44024
 -0.887038   0.448394   0.110032    4.13514
  0.115607 -0.0150175   0.993181 -0.0199225
         0          0          0          1
T_world_lidar: 
  0.446989    0.89371 -0.0385165    1.44024
 -0.887038   0.448394   0.110032    4.13514
  0.115607 -0.0150175   0.993181 -0.0199225
         0          0          0          1
v_world_imu:  -0.0781001    0.118904 0.000485854
frame_7
id: 1444
stamp: 1777101623.362472534
T_odom_lidar: 
  0.446153   0.894121 -0.0386714     1.4324
 -0.887447   0.447582   0.110036    4.14998
  0.115694 -0.0147742   0.993175 -0.0199436
         0          0          0          1
T_world_lidar: 
  0.446153   0.894121 -0.0386714     1.4324
 -0.887447   0.447582   0.110036    4.14998
  0.115694 -0.0147742   0.993175 -0.0199436
         0          0          0          1
v_world_imu:   -0.068362    0.176579 -0.00107995
frame_8
id: 1445
stamp: 1777101623.463224649
T_odom_lidar: 
  0.448404   0.893042 -0.0375383    1.42536
 -0.886434   0.449693   0.109598    4.16857
  0.114756 -0.0158689   0.993267 -0.0202977
         0          0          0          1
T_world_lidar: 
  0.448404   0.893042 -0.0375383    1.42536
 -0.886434   0.449693   0.109598    4.16857
  0.114756 -0.0158689   0.993267 -0.0202977
         0          0          0          1
v_world_imu:  -0.0812888    0.191966 -0.00254499
frame_9
id: 1446
stamp: 1777101623.562380314
T_odom_lidar: 
  0.446608   0.893937   -0.03766    1.41606
 -0.887352   0.447926   0.109401    4.18657
  0.114666 -0.0154417   0.993284 -0.0204404
         0          0          0          1
T_world_lidar: 
  0.446608   0.893937   -0.03766    1.41606
 -0.887352   0.447926   0.109401    4.18657
  0.114666 -0.0154417   0.993284 -0.0204404
         0          0          0          1
v_world_imu:   -0.101757    0.180101 -0.00111309
frame_10
id: 1447
stamp: 1777101623.663212061
T_odom_lidar: 
  0.446367   0.894077 -0.0371961    1.40654
 -0.887497   0.447634   0.109423    4.20678
  0.114483 -0.0158315   0.993299 -0.0205963
         0          0          0          1
T_world_lidar: 
  0.446367   0.894077 -0.0371961    1.40654
 -0.887497   0.447634   0.109423    4.20678
  0.114483 -0.0158315   0.993299 -0.0205963
         0          0          0          1
v_world_imu:   -0.0899108     0.201204 -0.000653141
frame_11
id: 1448
stamp: 1777101623.763200283
T_odom_lidar: 
   0.44667   0.893943 -0.0367776     1.3973
 -0.887475   0.447902   0.108503    4.22709
  0.113468 -0.0158258   0.993416 -0.0209165
         0          0          0          1
T_world_lidar: 
   0.44667   0.893943 -0.0367776     1.3973
 -0.887475   0.447902   0.108503    4.22709
  0.113468 -0.0158258   0.993416 -0.0209165
         0          0          0          1
v_world_imu:  -0.0986452    0.210608 -0.00109819
frame_12
id: 1449
stamp: 1777101623.863195419
T_odom_lidar: 
  0.448892   0.892862   -0.03597    1.38706
 -0.886453   0.450024   0.108071    4.24969
  0.112679 -0.0166263   0.993492  -0.020979
         0          0          0          1
T_world_lidar: 
  0.448892   0.892862   -0.03597    1.38706
 -0.886453   0.450024   0.108071    4.24969
  0.112679 -0.0166263   0.993492  -0.020979
         0          0          0          1
v_world_imu:   -0.091319    0.246763 -0.00338749
frame_13
id: 1450
stamp: 1777101623.962449789
T_odom_lidar: 
    0.4567    0.88893 -0.0350448    1.37815
 -0.882436   0.457657   0.108886    4.27405
  0.112831 -0.0188036   0.993436 -0.0215222
         0          0          0          1
T_world_lidar: 
    0.4567    0.88893 -0.0350448    1.37815
 -0.882436   0.457657   0.108886    4.27405
  0.112831 -0.0188036   0.993436 -0.0215222
         0          0          0          1
v_world_imu: -0.0955578    0.20574  0.0019383
frame_14
id: 1451
stamp: 1777101624.062399387
T_odom_lidar: 
  0.465877   0.883972 -0.0394037    1.36645
 -0.877584   0.467289   0.107181    4.29268
  0.113158 -0.0153532   0.993458 -0.0213022
         0          0          0          1
T_world_lidar: 
  0.465877   0.883972 -0.0394037    1.36645
 -0.877584   0.467289   0.107181    4.29268
  0.113158 -0.0153532   0.993458 -0.0213022
         0          0          0          1
v_world_imu:  -0.119485   0.221939 0.00223789
frame_15
id: 1452
stamp: 1777101624.162453413
T_odom_lidar: 
  0.479101   0.876654 -0.0440537    1.35812
 -0.870176   0.480946   0.107162    4.31228
  0.115132  -0.013007   0.993265 -0.0210444
         0          0          0          1
T_world_lidar: 
  0.479101   0.876654 -0.0440537    1.35812
 -0.870176   0.480946   0.107162    4.31228
  0.115132  -0.013007   0.993265 -0.0210444
         0          0          0          1
v_world_imu:  -0.0213712      0.1676 -0.00506401
frame_16
id: 1453
stamp: 1777101624.263191223
T_odom_lidar: 
  0.506702   0.860985 -0.0442473    1.35906
 -0.854597   0.508383    0.10588    4.33122
  0.113656 -0.0158359   0.993394 -0.0218222
         0          0          0          1
T_world_lidar: 
  0.506702   0.860985 -0.0442473    1.35906
 -0.854597   0.508383    0.10588    4.33122
  0.113656 -0.0158359   0.993394 -0.0218222
         0          0          0          1
v_world_imu: -0.000972094     0.172066  -0.00673062
frame_17
id: 1454
stamp: 1777101624.363259077
T_odom_lidar: 
   0.52154   0.851829 -0.0488222    1.35329
  -0.84545   0.523647   0.104922    4.34767
  0.114941  -0.013444   0.993281 -0.0216374
         0          0          0          1
T_world_lidar: 
   0.52154   0.851829 -0.0488222    1.35329
  -0.84545   0.523647   0.104922    4.34767
  0.114941  -0.013444   0.993281 -0.0216374
         0          0          0          1
v_world_imu: -0.0781881     0.1607 0.00493007
frame_18
id: 1455
stamp: 1777101624.463413000
T_odom_lidar: 
  0.537149   0.841854 -0.0524601    1.34725
 -0.835494   0.539571   0.103983    4.36136
  0.115845 -0.0120245   0.993195 -0.0215681
         0          0          0          1
T_world_lidar: 
  0.537149   0.841854 -0.0524601    1.34725
 -0.835494   0.539571   0.103983    4.36136
  0.115845 -0.0120245   0.993195 -0.0215681
         0          0          0          1
v_world_imu:  -0.0288226    0.124801 -0.00216472
frame_19
id: 1456
stamp: 1777101624.562384605
T_odom_lidar: 
  0.555272   0.829943  -0.053554    1.34574
 -0.823569   0.557688   0.103533     4.3762
  0.115793 -0.0133836   0.993183 -0.0219142
         0          0          0          1
T_world_lidar: 
  0.555272   0.829943  -0.053554    1.34574
 -0.823569   0.557688   0.103533     4.3762
  0.115793 -0.0133836   0.993183 -0.0219142
         0          0          0          1
v_world_imu:  -0.0288742     0.13488 -0.00210339
frame_20
id: 1457
stamp: 1777101624.662275076
T_odom_lidar: 
   0.56901   0.820411 -0.0561644     1.3411
 -0.814097   0.571638   0.102352    4.38802
  0.116077 -0.0125161   0.993161 -0.0219476
         0          0          0          1
T_world_lidar: 
   0.56901   0.820411 -0.0561644     1.3411
 -0.814097   0.571638   0.102352    4.38802
  0.116077 -0.0125161   0.993161 -0.0219476
         0          0          0          1
v_world_imu:   -0.063068    0.110156 0.000199957
frame_21
id: 1458
stamp: 1777101624.762508631
T_odom_lidar: 
  0.587303   0.807192 -0.0592951    1.33492
 -0.800945   0.590171   0.100924    4.40419
  0.116459  -0.011781   0.993126 -0.0220315
         0          0          0          1
T_world_lidar: 
  0.587303   0.807192 -0.0592951    1.33492
 -0.800945   0.590171   0.100924    4.40419
  0.116459  -0.011781   0.993126 -0.0220315
         0          0          0          1
v_world_imu: -0.0474963   0.217679 -0.0034522
frame_22
id: 1459
stamp: 1777101624.862387419
T_odom_lidar: 
  0.616306   0.785112 -0.0613676    1.32936
 -0.778805   0.619195     0.1003    4.42823
  0.116745 -0.0140222   0.993063 -0.0224191
         0          0          0          1
T_world_lidar: 
  0.616306   0.785112 -0.0613676    1.32936
 -0.778805   0.619195     0.1003    4.42823
  0.116745 -0.0140222   0.993063 -0.0224191
         0          0          0          1
v_world_imu:  -0.0572944    0.237273 -0.00449455
frame_23
id: 1460
stamp: 1777101624.962508917
T_odom_lidar: 
  0.643093   0.763073 -0.0644343    1.32124
  -0.75684   0.646149  0.0984112    4.45151
  0.116729 -0.0145211   0.993058 -0.0226272
         0          0          0          1
T_world_lidar: 
  0.643093   0.763073 -0.0644343    1.32124
  -0.75684   0.646149  0.0984112    4.45151
  0.116729 -0.0145211   0.993058 -0.0226272
         0          0          0          1
v_world_imu:  -0.0872372    0.225074 -0.00128099
frame_24
id: 1461
stamp: 1777101625.062366009
T_odom_lidar: 
  0.671284   0.738101 -0.0677097    1.31111
 -0.731843   0.674508  0.0971798    4.47667
  0.117399 -0.0156824   0.992961 -0.0225576
         0          0          0          1
T_world_lidar: 
  0.671284   0.738101 -0.0677097    1.31111
 -0.731843   0.674508  0.0971798    4.47667
  0.117399 -0.0156824   0.992961 -0.0225576
         0          0          0          1
v_world_imu:  -0.101261   0.270868 0.00158137
frame_25
id: 1462
stamp: 1777101625.163265228
T_odom_lidar: 
  0.698715   0.711856 -0.0711177    1.30107
 -0.705666   0.702137  0.0950715    4.50152
  0.117612 -0.0162425   0.992927 -0.0226643
         0          0          0          1
T_world_lidar: 
  0.698715   0.711856 -0.0711177    1.30107
 -0.705666   0.702137  0.0950715    4.50152
  0.117612 -0.0162425   0.992927 -0.0226643
         0          0          0          1
v_world_imu:   -0.093791     0.23383 -0.00180243
frame_26
id: 1463
stamp: 1777101625.262478352
T_odom_lidar: 
  0.723848   0.685936 -0.0743974    1.28996
 -0.679863   0.727477  0.0925397    4.52425
  0.117599 -0.0164046   0.992926 -0.0227286
         0          0          0          1
T_world_lidar: 
  0.723848   0.685936 -0.0743974    1.28996
 -0.679863   0.727477  0.0925397    4.52425
  0.117599 -0.0164046   0.992926 -0.0227286
         0          0          0          1
v_world_imu:    -0.118981      0.22721 -0.000529803
frame_27
id: 1464
stamp: 1777101625.362387657
T_odom_lidar: 
  0.748064   0.659059 -0.0777294    1.27799
  -0.65304   0.751901  0.0904579    4.54746
  0.118062 -0.0169079   0.992862  -0.022777
         0          0          0          1
T_world_lidar: 
  0.748064   0.659059 -0.0777294    1.27799
  -0.65304   0.751901  0.0904579    4.54746
  0.118062 -0.0169079   0.992862  -0.022777
         0          0          0          1
v_world_imu:   -0.096909    0.245375 -0.00986889
frame_28
id: 1465
stamp: 1777101625.462538004
T_odom_lidar: 
  0.771028   0.631704 -0.0804064    1.26841
 -0.625612   0.774984  0.0894919    4.56651
  0.118846 -0.0186976   0.992737 -0.0231003
         0          0          0          1
T_world_lidar: 
  0.771028   0.631704 -0.0804064    1.26841
 -0.625612   0.774984  0.0894919    4.56651
  0.118846 -0.0186976   0.992737 -0.0231003
         0          0          0          1
v_world_imu: -0.0996624   0.105966 0.00122338
frame_29
id: 1466
stamp: 1777101625.562505722
T_odom_lidar: 
  0.784507   0.614498 -0.0833103    1.26121
 -0.608785   0.788755  0.0851291    4.57526
  0.118023 -0.0160664   0.992881 -0.0229733
         0          0          0          1
T_world_lidar: 
  0.784507   0.614498 -0.0833103    1.26121
 -0.608785   0.788755  0.0851291    4.57526
  0.118023 -0.0160664   0.992881 -0.0229733
         0          0          0          1
v_world_imu:  -0.0444281   0.0932799 -0.00475847
frame_30
id: 1467
stamp: 1777101625.662308931
T_odom_lidar: 
  0.795997   0.599645 -0.0825533    1.25994
 -0.593671   0.800015  0.0867822    4.58831
  0.118082 -0.0200688   0.992801 -0.0236742
         0          0          0          1
T_world_lidar: 
  0.795997   0.599645 -0.0825533    1.25994
 -0.593671   0.800015  0.0867822    4.58831
  0.118082 -0.0200688   0.992801 -0.0236742
         0          0          0          1
v_world_imu:  -0.0174077   0.0527935 -0.00568078
frame_31
id: 1468
stamp: 1777101625.762610912
T_odom_lidar: 
  0.796691   0.598598 -0.0834547    1.25932
 -0.592697   0.800824  0.0859753    4.58846
  0.118297 -0.0190324   0.992796 -0.0235464
         0          0          0          1
T_world_lidar: 
  0.796691   0.598598 -0.0834547    1.25932
 -0.592697   0.800824  0.0859753    4.58846
  0.118297 -0.0190324   0.992796 -0.0235464
         0          0          0          1
v_world_imu: -0.0125963 -0.0543416 0.00608794
frame_32
id: 1469
stamp: 1777101625.862593889
T_odom_lidar: 
  0.793554   0.602641 -0.0842355    1.25907
 -0.596915   0.797835   0.084565    4.58421
  0.118168 -0.0168255   0.992851 -0.0231561
         0          0          0          1
T_world_lidar: 
  0.793554   0.602641 -0.0842355    1.25907
 -0.596915   0.797835   0.084565    4.58421
  0.118168 -0.0168255   0.992851 -0.0231561
         0          0          0          1
v_world_imu:   0.00158635   0.00316953 -0.000337816
frame_33
id: 1470
stamp: 1777101625.962569952
T_odom_lidar: 
  0.795968   0.599571 -0.0833632    1.26022
 -0.593797   0.800116  0.0849658    4.58637
  0.117643 -0.0181292    0.99289  -0.023423
         0          0          0          1
T_world_lidar: 
  0.795968   0.599571 -0.0833632    1.26022
 -0.593797   0.800116  0.0849658    4.58637
  0.117643 -0.0181292    0.99289  -0.023423
         0          0          0          1
v_world_imu:   0.0126657   0.0164795 -0.00146466
frame_34
id: 1471
stamp: 1777101626.062518120
T_odom_lidar: 
  0.794919   0.600925 -0.0836235    1.26009
 -0.595176   0.799111  0.0847716    4.58525
  0.117766 -0.0176158   0.992885 -0.0232686
         0          0          0          1
T_world_lidar: 
  0.794919   0.600925 -0.0836235    1.26009
 -0.595176   0.799111  0.0847716    4.58525
  0.117766 -0.0176158   0.992885 -0.0232686
         0          0          0          1
v_world_imu:    -0.0144 -0.0222501 0.00364577
frame_35
id: 1472
stamp: 1777101626.162347555
T_odom_lidar: 
  0.794772   0.601087 -0.0838523    1.25942
 -0.595303   0.798988  0.0850506    4.58484
   0.11812 -0.0176784   0.992842 -0.0233046
         0          0          0          1
T_world_lidar: 
  0.794772   0.601087 -0.0838523    1.25942
 -0.595303   0.798988  0.0850506    4.58484
   0.11812 -0.0176784   0.992842 -0.0233046
         0          0          0          1
v_world_imu:   0.00482311   0.00997717 -0.000577894
frame_36
id: 1473
stamp: 1777101626.262453556
T_odom_lidar: 
  0.795473   0.600246 -0.0832336    1.26041
 -0.594501   0.799614  0.0847646    4.58547
  0.117434 -0.0179455   0.992918 -0.0235934
         0          0          0          1
T_world_lidar: 
  0.795473   0.600246 -0.0832336    1.26041
 -0.594501   0.799614  0.0847646    4.58547
  0.117434 -0.0179455   0.992918 -0.0235934
         0          0          0          1
v_world_imu:  0.00514342  -0.0064327 0.000455613
frame_37
id: 1474
stamp: 1777101626.362406254
T_odom_lidar: 
  0.794626   0.601341 -0.0834147    1.25932
 -0.595566   0.798792  0.0850447    4.58448
  0.117772 -0.0178997   0.992879  -0.023533
         0          0          0          1
T_world_lidar: 
  0.794626   0.601341 -0.0834147    1.25932
 -0.595566   0.798792  0.0850447    4.58448
  0.117772 -0.0178997   0.992879  -0.023533
         0          0          0          1
v_world_imu:  -0.0138999 -0.00367842  0.00281789
frame_38
id: 1475
stamp: 1777101626.462592602
T_odom_lidar: 
  0.794877   0.601038  -0.083214    1.25929
 -0.595288    0.79902  0.0848439    4.58489
  0.117484 -0.0179042   0.992913 -0.0236318
         0          0          0          1
T_world_lidar: 
  0.794877   0.601038  -0.083214    1.25929
 -0.595288    0.79902  0.0848439    4.58489
  0.117484 -0.0179042   0.992913 -0.0236318
         0          0          0          1
v_world_imu:    0.0125791   0.00238844 -1.17432e-05
frame_39
id: 1476
stamp: 1777101626.562403440
T_odom_lidar: 
  0.795058   0.600834 -0.0829602    1.25969
 -0.595096   0.799171  0.0847763    4.58486
  0.117236 -0.0180328    0.99294 -0.0237804
         0          0          0          1
T_world_lidar: 
  0.795058   0.600834 -0.0829602    1.25969
 -0.595096   0.799171  0.0847763    4.58486
  0.117236 -0.0180328    0.99294 -0.0237804
         0          0          0          1
v_world_imu: -0.00854054 -0.00104871  0.00278771
frame_40
id: 1477
stamp: 1777101626.662617445
T_odom_lidar: 
  0.794569   0.601447 -0.0831984    1.25845
 -0.595719   0.798716  0.0846874     4.5849
  0.117387 -0.0177271   0.992928 -0.0236922
         0          0          0          1
T_world_lidar: 
  0.794569   0.601447 -0.0831984    1.25845
 -0.595719   0.798716  0.0846874     4.5849
  0.117387 -0.0177271   0.992928 -0.0236922
         0          0          0          1
v_world_imu: -0.00197598 -0.00298606  0.00183144
frame_41
id: 1478
stamp: 1777101626.762449741
T_odom_lidar: 
  0.794897   0.601061 -0.0828539    1.25886
 -0.595363   0.799005  0.0844643    4.58511
  0.116969 -0.0178122   0.992976 -0.0238484
         0          0          0          1
T_world_lidar: 
  0.794897   0.601061 -0.0828539    1.25886
 -0.595363   0.799005  0.0844643    4.58511
  0.116969 -0.0178122   0.992976 -0.0238484
         0          0          0          1
v_world_imu:  0.00573675  0.00731855 0.000242525
frame_42
id: 1479
stamp: 1777101626.862607241
T_odom_lidar: 
  0.794808   0.601202 -0.0826822    1.25838
 -0.595519   0.798898  0.0843729    4.58556
   0.11678 -0.0178214   0.992998  -0.023901
         0          0          0          1
T_world_lidar: 
  0.794808   0.601202 -0.0826822    1.25838
 -0.595519   0.798898  0.0843729    4.58556
   0.11678 -0.0178214   0.992998  -0.023901
         0          0          0          1
v_world_imu: -0.00829245 -0.00555297  0.00258239
frame_43
id: 1480
stamp: 1777101626.962518930
T_odom_lidar: 
  0.794597   0.601486 -0.0826449    1.25781
 -0.595837    0.79869  0.0841006    4.58546
  0.116593 -0.0175833   0.993024 -0.0240786
         0          0          0          1
T_world_lidar: 
  0.794597   0.601486 -0.0826449    1.25781
 -0.595837    0.79869  0.0841006    4.58546
  0.116593 -0.0175833   0.993024 -0.0240786
         0          0          0          1
v_world_imu: 0.00254075 0.00319706 0.00127203
frame_44
id: 1481
stamp: 1777101627.062410116
T_odom_lidar: 
  0.794975   0.601052  -0.082162    1.25794
 -0.595452   0.799015  0.0837394    4.58632
   0.11598 -0.0176473   0.993095 -0.0248234
         0          0          0          1
T_world_lidar: 
  0.794975   0.601052  -0.082162    1.25794
 -0.595452   0.799015  0.0837394    4.58632
   0.11598 -0.0176473   0.993095 -0.0248234
         0          0          0          1
v_world_imu:  0.0020023 0.00145157 0.00129297
frame_45
id: 1482
stamp: 1777101627.162652493
T_odom_lidar: 
  0.794642   0.601482  -0.082239    1.25759
 -0.595895   0.798696  0.0836296    4.58597
  0.115986 -0.0174497   0.993098 -0.0245526
         0          0          0          1
T_world_lidar: 
  0.794642   0.601482  -0.082239    1.25759
 -0.595895   0.798696  0.0836296    4.58597
  0.115986 -0.0174497   0.993098 -0.0245526
         0          0          0          1
v_world_imu: -0.00497725 -0.00335055  0.00270724
frame_46
id: 1483
stamp: 1777101627.262507439
T_odom_lidar: 
  0.794769    0.60134 -0.0820501    1.25745
 -0.595769   0.798802  0.0835125    4.58611
  0.115761 -0.0174902   0.993123 -0.0267919
         0          0          0          1
T_world_lidar: 
  0.794769    0.60134 -0.0820501    1.25745
 -0.595769   0.798802  0.0835125    4.58611
  0.115761 -0.0174902   0.993123 -0.0267919
         0          0          0          1
v_world_imu:  0.00569671  0.00201068 -0.00159241
frame_47
id: 1484
stamp: 1777101627.362696409
T_odom_lidar: 
  0.794944   0.601119 -0.0819795    1.25787
  -0.59557    0.79897  0.0833259    4.58602
  0.115588 -0.0174149   0.993145 -0.0269236
         0          0          0          1
T_world_lidar: 
  0.794944   0.601119 -0.0819795    1.25787
  -0.59557    0.79897  0.0833259    4.58602
  0.115588 -0.0174149   0.993145 -0.0269236
         0          0          0          1
v_world_imu:  -0.00071779  -0.00385981 -0.000538768
frame_48
id: 1485
stamp: 1777101627.462540627
T_odom_lidar: 
  0.794811   0.601279 -0.0820938    1.25769
 -0.595731   0.798852   0.083308    4.58558
  0.115672 -0.0173083   0.993137 -0.0269117
         0          0          0          1
T_world_lidar: 
  0.794811   0.601279 -0.0820938    1.25769
 -0.595731   0.798852   0.083308    4.58558
  0.115672 -0.0173083   0.993137 -0.0269117
         0          0          0          1
v_world_imu:   0.00246381   -0.0027477 -0.000930832
frame_49
id: 1486
stamp: 1777101627.562747478
T_odom_lidar: 
  0.797393   0.597828 -0.0822571    1.25719
 -0.592155   0.801413  0.0842061    4.58774
  0.116263 -0.0184365   0.993047 -0.0271123
         0          0          0          1
T_world_lidar: 
  0.797393   0.597828 -0.0822571    1.25719
 -0.592155   0.801413  0.0842061    4.58774
  0.116263 -0.0184365   0.993047 -0.0271123
         0          0          0          1
v_world_imu:   0.0114589   0.0455454 -0.00177691
frame_50
id: 1487
stamp: 1777101627.662549496
T_odom_lidar: 
  0.806114   0.586184  -0.081047       1.26
 -0.580702   0.809949  0.0822652    4.58901
  0.113867 -0.0192509    0.99331  -0.027635
         0          0          0          1
T_world_lidar: 
  0.806114   0.586184  -0.081047       1.26
 -0.580702   0.809949  0.0822652    4.58901
  0.113867 -0.0192509    0.99331  -0.027635
         0          0          0          1
v_world_imu:   0.0339858   0.0185913 -0.00798936
frame_51
id: 1488
stamp: 1777101627.762047291
T_odom_lidar: 
  0.818495   0.568739 -0.0812517    1.26023
 -0.563279   0.822255  0.0813183    4.59367
  0.113059 -0.0207912   0.993371  -0.028247
         0          0          0          1
T_world_lidar: 
  0.818495   0.568739 -0.0812517    1.26023
 -0.563279   0.822255  0.0813183    4.59367
  0.113059 -0.0207912   0.993371  -0.028247
         0          0          0          1
v_world_imu: -0.00513924   0.0688011  -0.0045729
frame_52
id: 1489
stamp: 1777101627.862684488
T_odom_lidar: 
  0.831667    0.54898  -0.083374    1.25854
 -0.543501    0.83556  0.0802913    4.60094
  0.113742 -0.0214618   0.993278 -0.0282365
         0          0          0          1
T_world_lidar: 
  0.831667    0.54898  -0.083374    1.25854
 -0.543501    0.83556  0.0802913    4.60094
  0.113742 -0.0214618   0.993278 -0.0282365
         0          0          0          1
v_world_imu:  -0.0113782    0.035345 0.000771748
frame_53
id: 1490
stamp: 1777101627.962687969
T_odom_lidar: 
  0.843447   0.530208 -0.0864676    1.25743
 -0.524927   0.847638  0.0772131    4.60486
  0.114232 -0.0197359   0.993258 -0.0282295
         0          0          0          1
T_world_lidar: 
  0.843447   0.530208 -0.0864676    1.25743
 -0.524927   0.847638  0.0772131    4.60486
  0.114232 -0.0197359   0.993258 -0.0282295
         0          0          0          1
v_world_imu:   0.00880759    0.0657707 -0.000530703
frame_54
id: 1491
stamp: 1777101628.062524557
T_odom_lidar: 
  0.859206   0.503893 -0.0886423    1.25975
 -0.498726   0.863535  0.0746938    4.61144
  0.114183 -0.0199691   0.993259 -0.0284769
         0          0          0          1
T_world_lidar: 
  0.859206   0.503893 -0.0886423    1.25975
 -0.498726   0.863535  0.0746938    4.61144
  0.114183 -0.0199691   0.993259 -0.0284769
         0          0          0          1
v_world_imu:    0.0251008    0.0613098 -0.000661777
frame_55
id: 1492
stamp: 1777101628.162859440
T_odom_lidar: 
  0.875353   0.474652 -0.0919904    1.26116
 -0.469519    0.87994   0.072513    4.61999
  0.115364 -0.0202832   0.993116 -0.0283654
         0          0          0          1
T_world_lidar: 
  0.875353   0.474652 -0.0919904    1.26116
 -0.469519    0.87994   0.072513    4.61999
  0.115364 -0.0202832   0.993116 -0.0283654
         0          0          0          1
v_world_imu:  0.0117845  0.0841666 0.00249213
frame_56
id: 1493
stamp: 1777101628.262537956
T_odom_lidar: 
  0.889771   0.446378 -0.0951524    1.26235
 -0.441365   0.894622   0.069636    4.62677
  0.116209 -0.0199631   0.993024 -0.0282775
         0          0          0          1
T_world_lidar: 
  0.889771   0.446378 -0.0951524    1.26235
 -0.441365   0.894622   0.069636    4.62677
  0.116209 -0.0199631   0.993024 -0.0282775
         0          0          0          1
v_world_imu:   0.0220418   0.0632282 0.000733003
frame_57
id: 1494
stamp: 1777101628.362812757
T_odom_lidar: 
  0.900396   0.424041 -0.0973455    1.26388
 -0.419151   0.905429  0.0671573    4.63217
  0.116617 -0.0196658   0.992982 -0.0282897
         0          0          0          1
T_world_lidar: 
  0.900396   0.424041 -0.0973455    1.26388
 -0.419151   0.905429  0.0671573    4.63217
  0.116617 -0.0196658   0.992982 -0.0282897
         0          0          0          1
v_world_imu:  0.00828362   0.0554116 0.000273539
frame_58
id: 1495
stamp: 1777101628.462752342
T_odom_lidar: 
  0.910299   0.401762 -0.0997168    1.26454
 -0.396924    0.91553  0.0652428    4.63768
  0.117506 -0.0198105   0.992875 -0.0282088
         0          0          0          1
T_world_lidar: 
  0.910299   0.401762 -0.0997168    1.26454
 -0.396924    0.91553  0.0652428    4.63768
  0.117506 -0.0198105   0.992875 -0.0282088
         0          0          0          1
v_world_imu:    0.0129119    0.0552258 -0.000309829
frame_59
id: 1496
stamp: 1777101628.562753201
T_odom_lidar: 
  0.920963   0.376007  -0.102206    1.26567
 -0.371311   0.926412  0.0623649    4.64372
  0.118135 -0.0194854   0.992806 -0.0280949
         0          0          0          1
T_world_lidar: 
  0.920963   0.376007  -0.102206    1.26567
 -0.371311   0.926412  0.0623649    4.64372
  0.118135 -0.0194854   0.992806 -0.0280949
         0          0          0          1
v_world_imu:    0.0212008    0.0752918 -0.000449261
frame_60
id: 1497
stamp: 1777101628.662839651
T_odom_lidar: 
  0.930638   0.350752  -0.104335    1.26644
 -0.346173   0.936265  0.0597625    4.65017
  0.118647 -0.0194995   0.992745 -0.0279421
         0          0          0          1
T_world_lidar: 
  0.930638   0.350752  -0.104335    1.26644
 -0.346173   0.936265  0.0597625    4.65017
  0.118647 -0.0194995   0.992745 -0.0279421
         0          0          0          1
v_world_imu: 0.00507296  0.0692787 0.00162819
frame_61
id: 1498
stamp: 1777101628.762872219
T_odom_lidar: 
  0.940479   0.322653  -0.106745    1.26664
 -0.318186   0.946314  0.0569903    4.65692
  0.119403 -0.0196333   0.992652 -0.0278191
         0          0          0          1
T_world_lidar: 
  0.940479   0.322653  -0.106745    1.26664
 -0.318186   0.946314  0.0569903    4.65692
  0.119403 -0.0196333   0.992652 -0.0278191
         0          0          0          1
v_world_imu: 0.00836798  0.0798289 0.00119153
frame_62
id: 1499
stamp: 1777101628.862546444
T_odom_lidar: 
  0.949807   0.293359  -0.108656    1.26716
 -0.288967   0.955785  0.0545289    4.66479
  0.119848 -0.0203939   0.992583 -0.0277147
         0          0          0          1
T_world_lidar: 
  0.949807   0.293359  -0.108656    1.26716
 -0.288967   0.955785  0.0545289    4.66479
  0.119848 -0.0203939   0.992583 -0.0277147
         0          0          0          1
v_world_imu: 0.00764371  0.0614066 0.00342214
frame_63
id: 1500
stamp: 1777101628.962094545
T_odom_lidar: 
  0.956827   0.268839  -0.110486    1.26689
 -0.264543   0.962964  0.0521368    4.67037
   0.12041 -0.0206577   0.992509 -0.0276034
         0          0          0          1
T_world_lidar: 
  0.956827   0.268839  -0.110486    1.26689
 -0.264543   0.962964  0.0521368    4.67037
   0.12041 -0.0206577   0.992509 -0.0276034
         0          0          0          1
v_world_imu: -0.00589985   0.0403965  0.00349994
frame_64
id: 1501
stamp: 1777101629.062565327
T_odom_lidar: 
  0.963924    0.24135  -0.112258     1.2669
  -0.23722    0.97022  0.0489928    4.67671
  0.120739 -0.0205956   0.992471 -0.0275162
         0          0          0          1
T_world_lidar: 
  0.963924    0.24135  -0.112258     1.2669
  -0.23722    0.97022  0.0489928    4.67671
  0.120739 -0.0205956   0.992471 -0.0275162
         0          0          0          1
v_world_imu:  0.00473168   0.0809769 0.000255593
frame_65
id: 1502
stamp: 1777101629.162526369
T_odom_lidar: 
  0.971247   0.208919  -0.114155    1.26681
 -0.204879   0.977697  0.0461798    4.68487
  0.121257 -0.0214641   0.992389 -0.0275019
         0          0          0          1
T_world_lidar: 
  0.971247   0.208919  -0.114155    1.26681
 -0.204879   0.977697  0.0461798    4.68487
  0.121257 -0.0214641   0.992389 -0.0275019
         0          0          0          1
v_world_imu: -0.00149584   0.0673834  0.00130958
frame_66
id: 1503
stamp: 1777101629.262742043
T_odom_lidar: 
  0.977475   0.176058  -0.116392    1.26583
 -0.172226    0.98415  0.0422826    4.69181
  0.121992 -0.0212844   0.992303  -0.027336
         0          0          0          1
T_world_lidar: 
  0.977475   0.176058  -0.116392    1.26583
 -0.172226    0.98415  0.0422826    4.69181
  0.121992 -0.0212844   0.992303  -0.027336
         0          0          0          1
v_world_imu:  0.00199031     0.07723 0.000790773
frame_67
id: 1504
stamp: 1777101629.362681627
T_odom_lidar: 
  0.981804   0.149221   -0.11745    1.26575
 -0.145527   0.988567  0.0394684    4.69862
  0.121996 -0.0216581   0.992294   -0.02725
         0          0          0          1
T_world_lidar: 
  0.981804   0.149221   -0.11745    1.26575
 -0.145527   0.988567  0.0394684    4.69862
  0.121996 -0.0216581   0.992294   -0.02725
         0          0          0          1
v_world_imu:  0.00373725   0.0678573 0.000434709
frame_68
id: 1505
stamp: 1777101629.462612867
T_odom_lidar: 
  0.985629   0.120118  -0.118772    1.26542
 -0.116591   0.992519  0.0362371    4.70473
  0.122236 -0.0218686    0.99226 -0.0271173
         0          0          0          1
T_world_lidar: 
  0.985629   0.120118  -0.118772    1.26542
 -0.116591   0.992519  0.0362371    4.70473
  0.122236 -0.0218686    0.99226 -0.0271173
         0          0          0          1
v_world_imu: -0.00609141   0.0593047  0.00258661
frame_69
id: 1506
stamp: 1777101629.662233114
T_odom_lidar: 
  0.991078  0.0554341  -0.121211    1.26254
-0.0523163   0.998216  0.0287571    4.71852
  0.122589 -0.0221592    0.99221 -0.0269052
         0          0          0          1
T_world_lidar: 
  0.991078  0.0554341  -0.121211    1.26254
-0.0523163   0.998216  0.0287571    4.71852
  0.122589 -0.0221592    0.99221 -0.0269052
         0          0          0          1
v_world_imu: -0.00700951   0.0828155  0.00107088
frame_70
id: 1507
stamp: 1777101629.762615919
T_odom_lidar: 
  0.992297  0.0222061  -0.121875     1.2619
-0.0193085   0.999503  0.0249046    4.72658
  0.122368 -0.0223596   0.992233 -0.0268428
         0          0          0          1
T_world_lidar: 
  0.992297  0.0222061  -0.121875     1.2619
-0.0193085   0.999503  0.0249046    4.72658
  0.122368 -0.0223596   0.992233 -0.0268428
         0          0          0          1
v_world_imu:  -0.0026876   0.0837766 0.000984897
frame_71
id: 1508
stamp: 1777101629.862092495
T_odom_lidar: 
   0.99245 -0.0128949  -0.121969    1.26127
 0.0156013   0.999652  0.0212605    4.73529
  0.121652 -0.0230029   0.992306 -0.0268166
         0          0          0          1
T_world_lidar: 
   0.99245 -0.0128949  -0.121969    1.26127
 0.0156013   0.999652  0.0212605    4.73529
  0.121652 -0.0230029   0.992306 -0.0268166
         0          0          0          1
v_world_imu: -0.0081169  0.0834006 0.00015629
frame_72
id: 1509
stamp: 1777101629.962612867
T_odom_lidar: 
  0.991545 -0.0434154  -0.122284       1.26
 0.0459058    0.99879  0.0176207    4.74274
  0.121371 -0.0230852   0.992339 -0.0268047
         0          0          0          1
T_world_lidar: 
  0.991545 -0.0434154  -0.122284       1.26
 0.0459058    0.99879  0.0176207    4.74274
  0.121371 -0.0230852   0.992339 -0.0268047
         0          0          0          1
v_world_imu:  -0.00750622    0.0773588 -0.000984644
frame_73
id: 1510
stamp: 1777101630.062267780
T_odom_lidar: 
  0.989386 -0.0781553    -0.1225    1.25843
 0.0803184   0.996687  0.0128129    4.75018
  0.121093 -0.0225159   0.992386 -0.0268791
         0          0          0          1
T_world_lidar: 
  0.989386 -0.0781553    -0.1225    1.25843
 0.0803184   0.996687  0.0128129    4.75018
  0.121093 -0.0225159   0.992386 -0.0268791
         0          0          0          1
v_world_imu: -0.0145293  0.0814346 0.00045627
frame_74
id: 1511
stamp: 1777101630.162728310
T_odom_lidar: 
  0.986042  -0.112598  -0.122653    1.25627
  0.114472   0.993392 0.00831442    4.75801
  0.120906 -0.0222386   0.992415 -0.0270417
         0          0          0          1
T_world_lidar: 
  0.986042  -0.112598  -0.122653    1.25627
  0.114472   0.993392 0.00831442    4.75801
  0.120906 -0.0222386   0.992415 -0.0270417
         0          0          0          1
v_world_imu:  -0.00855583    0.0803648 -0.000952792
frame_75
id: 1512
stamp: 1777101630.262652159
T_odom_lidar: 
  0.981479  -0.147652  -0.122059    1.25493
  0.149241   0.988793 0.00392977     4.7664
  0.120111 -0.0220732   0.992515 -0.0272678
         0          0          0          1
T_world_lidar: 
  0.981479  -0.147652  -0.122059    1.25493
  0.149241   0.988793 0.00392977     4.7664
  0.120111 -0.0220732   0.992515 -0.0272678
         0          0          0          1
v_world_imu: -0.00818196    0.092446 -0.00404851
frame_76
id: 1513
stamp: 1777101630.362594604
T_odom_lidar: 
   0.976844   -0.175742    -0.12203     1.25331
   0.177164    0.984181 0.000813031      4.7742
   0.119956  -0.0224135    0.992526  -0.0275086
          0           0           0           1
T_world_lidar: 
   0.976844   -0.175742    -0.12203     1.25331
   0.177164    0.984181 0.000813031      4.7742
   0.119956  -0.0224135    0.992526  -0.0275086
          0           0           0           1
v_world_imu:  -0.0124336   0.0725444 -0.00206513
frame_77
id: 1514
stamp: 1777101630.462059021
T_odom_lidar: 
   0.971409   -0.203774   -0.121822     1.25165
    0.20494     0.97877 -0.00301688     4.78072
   0.119851  -0.0220356    0.992547  -0.0277767
          0           0           0           1
T_world_lidar: 
   0.971409   -0.203774   -0.121822     1.25165
    0.20494     0.97877 -0.00301688     4.78072
   0.119851  -0.0220356    0.992547  -0.0277767
          0           0           0           1
v_world_imu:  -0.0214486   0.0635624 -0.00147491
frame_78
id: 1515
stamp: 1777101630.562188625
T_odom_lidar: 
   0.964159   -0.235772   -0.121692      1.2492
   0.236609    0.971574 -0.00773715     4.78731
   0.120057  -0.0213337    0.992538  -0.0279015
          0           0           0           1
T_world_lidar: 
   0.964159   -0.235772   -0.121692      1.2492
   0.236609    0.971574 -0.00773715     4.78731
   0.120057  -0.0213337    0.992538  -0.0279015
          0           0           0           1
v_world_imu:  -0.0199153   0.0806848 -0.00364134
frame_79
id: 1516
stamp: 1777101630.662628651
T_odom_lidar: 
  0.956332  -0.265704  -0.121779    1.24681
  0.266223   0.963833 -0.0122892    4.79442
   0.12064 -0.0206676   0.992481 -0.0281101
         0          0          0          1
T_world_lidar: 
  0.956332  -0.265704  -0.121779    1.24681
  0.266223   0.963833 -0.0122892    4.79442
   0.12064 -0.0206676   0.992481 -0.0281101
         0          0          0          1
v_world_imu:  -0.0174723   0.0851781 -0.00340397
