id: 0
T_world_origin: 
    0.871912  -0.00426884     0.489645   0.00272548
  0.00885444     0.999936  -0.00704945 -0.000669207
   -0.489583     0.010482     0.871894     0.003575
           0            0            0            1
T_origin_endpoint_L: 
           1 -0.000386735 -0.000188294 -0.000135355
 0.000386824            1  0.000475829 -0.000377101
  0.00018811 -0.000475901            1  -0.00362218
           0            0            0            1
T_origin_endpoint_R: 
    0.999994 -0.000900127   -0.0034616  -0.00111967
 0.000906047     0.999998   0.00170891  0.000475046
  0.00346006  -0.00171203     0.999993  -0.00703616
           0            0            0            1
T_lidar_imu: 
     1      0      0  0.006
     0      1      0 -0.012
     0      0      1  0.008
     0      0      0      1
imu_bias:   0.00195845  0.000103435  -0.00359908  -0.00189708 -0.000478477  0.000924076
frame_id: 2
num_frames: 1346
frame_0
id: 0
stamp: 1777956502.903151751
T_odom_lidar: 
   0.872002 -0.00483906    0.489478 -0.00837041
 0.00923992    0.999936 -0.00657531   0.0109744
  -0.489415   0.0102564    0.871991 -0.00343719
          0           0           0           1
T_world_lidar: 
   0.872002 -0.00483906    0.489478 -0.00837041
 0.00923992    0.999936 -0.00657531   0.0109744
  -0.489415   0.0102564    0.871991 -0.00343719
          0           0           0           1
v_world_imu:  0.00278843 0.000958471   0.0156752
frame_1
id: 1
stamp: 1777956503.003163338
T_odom_lidar: 
   0.872002 -0.00482727    0.489479 -0.00809742
 0.00922582    0.999936 -0.00657429   0.0110993
  -0.489415   0.0102486    0.871991 -0.00187433
          0           0           0           1
T_world_lidar: 
   0.872002 -0.00482727    0.489479 -0.00809742
 0.00922582    0.999936 -0.00657429   0.0110993
  -0.489415   0.0102486    0.871991 -0.00187433
          0           0           0           1
v_world_imu: 0.00248644 0.00108443   0.013384
frame_2
id: 2
stamp: 1777956503.103184700
T_odom_lidar: 
    0.872022   -0.0047903     0.489444  -0.00787221
  0.00921838     0.999935   -0.0066374    0.0112325
    -0.48938    0.0102998      0.87201 -0.000550849
           0            0            0            1
T_world_lidar: 
    0.872022   -0.0047903     0.489444  -0.00787221
  0.00921838     0.999935   -0.0066374    0.0112325
    -0.48938    0.0102998      0.87201 -0.000550849
           0            0            0            1
v_world_imu: 0.00210477 0.00127488  0.0104454
frame_3
id: 3
stamp: 1777956503.203148365
T_odom_lidar: 
   0.872038 -0.00481804    0.489414 -0.00769581
 0.00926319    0.999935 -0.00666131   0.0113718
   -0.48935   0.0103425    0.872026 0.000301904
          0           0           0           1
T_world_lidar: 
   0.872038 -0.00481804    0.489414 -0.00769581
 0.00926319    0.999935 -0.00666131   0.0113718
   -0.48935   0.0103425    0.872026 0.000301904
          0           0           0           1
v_world_imu: 0.00165422 0.00151621 0.00673018
frame_4
id: 4
stamp: 1777956503.303143024
T_odom_lidar: 
   0.872003 -0.00474776    0.489477 -0.00761658
 0.00924569    0.999934 -0.00677217   0.0115262
  -0.489413   0.0104309     0.87199  0.00128534
          0           0           0           1
T_world_lidar: 
   0.872003 -0.00474776    0.489477 -0.00761658
 0.00924569    0.999934 -0.00677217   0.0115262
  -0.489413   0.0104309     0.87199  0.00128534
          0           0           0           1
v_world_imu: 0.00130385 0.00116744 0.00520461
frame_5
id: 5
stamp: 1777956503.403275728
T_odom_lidar: 
   0.871932 -0.00464238    0.489604 -0.00761334
 0.00919032    0.999934  -0.0068857   0.0116461
   -0.48954   0.0105035    0.871918  0.00192392
          0           0           0           1
T_world_lidar: 
   0.871932 -0.00464238    0.489604 -0.00761334
 0.00919032    0.999934  -0.0068857   0.0116461
   -0.48954   0.0105035    0.871918  0.00192392
          0           0           0           1
v_world_imu: 0.000967174 0.000897022  0.00376778
frame_6
id: 6
stamp: 1777956503.503118992
T_odom_lidar: 
    0.87191 -0.00459307    0.489644 -0.00747334
  0.0091354    0.999935 -0.00688762   0.0117062
   -0.48958   0.0104785    0.871895  0.00223818
          0           0           0           1
T_world_lidar: 
    0.87191 -0.00459307    0.489644 -0.00747334
  0.0091354    0.999935 -0.00688762   0.0117062
   -0.48958   0.0104785    0.871895  0.00223818
          0           0           0           1
v_world_imu: 0.000808055  0.00054943  0.00218521
frame_7
id: 7
stamp: 1777956503.603119612
T_odom_lidar: 
   0.871892 -0.00460385    0.489676 -0.00741135
 0.00916332    0.999934 -0.00691455   0.0117292
  -0.489612   0.0105158    0.871877  0.00233899
          0           0           0           1
T_world_lidar: 
   0.871892 -0.00460385    0.489676 -0.00741135
 0.00916332    0.999934 -0.00691455   0.0117292
  -0.489612   0.0105158    0.871877  0.00233899
          0           0           0           1
v_world_imu: 0.000800138 5.21827e-05 0.000393507
frame_8
id: 8
stamp: 1777956503.703252554
T_odom_lidar: 
   0.871869 -0.00452797    0.489719 -0.00740082
 0.00903799    0.999936 -0.00684528   0.0117438
  -0.489656   0.0103943    0.871854  0.00235997
          0           0           0           1
T_world_lidar: 
   0.871869 -0.00452797    0.489719 -0.00740082
 0.00903799    0.999936 -0.00684528   0.0117438
  -0.489656   0.0103943    0.871854  0.00235997
          0           0           0           1
v_world_imu:  0.000894565  -0.00022672 -9.44166e-05
frame_9
id: 9
stamp: 1777956503.803157806
T_odom_lidar: 
   0.871878 -0.00457874    0.489702 -0.00733242
 0.00905747    0.999936  -0.0067767   0.0117013
   -0.48964   0.0103439    0.871863  0.00226728
          0           0           0           1
T_world_lidar: 
   0.871878 -0.00457874    0.489702 -0.00733242
 0.00905747    0.999936  -0.0067767   0.0117013
   -0.48964   0.0103439    0.871863  0.00226728
          0           0           0           1
v_world_imu:   0.00084187 -0.000327637  -0.00105572
frame_10
id: 10
stamp: 1777956503.903321743
T_odom_lidar: 
    0.87188 -0.00457237    0.489699 -0.00728471
 0.00910744    0.999935 -0.00687876   0.0117813
  -0.489635   0.0104574    0.871865  0.00217027
          0           0           0           1
T_world_lidar: 
    0.87188 -0.00457237    0.489699 -0.00728471
 0.00910744    0.999935 -0.00687876   0.0117813
  -0.489635   0.0104574    0.871865  0.00217027
          0           0           0           1
v_world_imu:  0.000675736 -0.000615587 -0.000822453
frame_11
id: 11
stamp: 1777956504.003108740
T_odom_lidar: 
    0.87187  -0.0045964    0.489715 -0.00726395
 0.00907955    0.999936 -0.00677962   0.0117173
  -0.489653   0.0103573    0.871856  0.00199766
          0           0           0           1
T_world_lidar: 
    0.87187  -0.0045964    0.489715 -0.00726395
 0.00907955    0.999936 -0.00677962   0.0117173
  -0.489653   0.0103573    0.871856  0.00199766
          0           0           0           1
v_world_imu:  0.000824047 -0.000751175  -0.00103286
frame_12
id: 12
stamp: 1777956504.103152990
T_odom_lidar: 
   0.871857 -0.00452468     0.48974 -0.00716972
  0.0089771    0.999937 -0.00674307   0.0116776
  -0.489679   0.0102754    0.871842  0.00182212
          0           0           0           1
T_world_lidar: 
   0.871857 -0.00452468     0.48974 -0.00716972
  0.0089771    0.999937 -0.00674307   0.0116776
  -0.489679   0.0102754    0.871842  0.00182212
          0           0           0           1
v_world_imu:  0.000716332 -0.000352271 -0.000982967
frame_13
id: 13
stamp: 1777956504.202806711
T_odom_lidar: 
   0.871885 -0.00455814    0.489689 -0.00713874
 0.00903287    0.999936 -0.00677528   0.0116801
  -0.489627   0.0103306    0.871871  0.00165338
          0           0           0           1
T_world_lidar: 
   0.871885 -0.00455814    0.489689 -0.00713874
 0.00903287    0.999936 -0.00677528   0.0116801
  -0.489627   0.0103306    0.871871  0.00165338
          0           0           0           1
v_world_imu:  0.000622686 -0.000259434 -0.000930644
frame_14
id: 14
stamp: 1777956504.302922964
T_odom_lidar: 
   0.871928 -0.00454732    0.489614 -0.00709238
 0.00907668    0.999935 -0.00687723   0.0116674
  -0.489551   0.0104405    0.871912  0.00149127
          0           0           0           1
T_world_lidar: 
   0.871928 -0.00454732    0.489614 -0.00709238
 0.00907668    0.999935 -0.00687723   0.0116674
  -0.489551   0.0104405    0.871912  0.00149127
          0           0           0           1
v_world_imu:  0.000633022 -0.000312864  -0.00114358
frame_15
id: 15
stamp: 1777956504.402893782
T_odom_lidar: 
   0.871958 -0.00458687     0.48956 -0.00707482
 0.00907542    0.999936 -0.00679549   0.0116522
  -0.489497   0.0103683    0.871943  0.00132824
          0           0           0           1
T_world_lidar: 
   0.871958 -0.00458687     0.48956 -0.00707482
 0.00907542    0.999936 -0.00679549   0.0116522
  -0.489497   0.0103683    0.871943  0.00132824
          0           0           0           1
v_world_imu:  0.000492198 -0.000220164  -0.00074353
frame_16
id: 16
stamp: 1777956504.502830505
T_odom_lidar: 
   0.871952 -0.00460585    0.489569 -0.00705421
 0.00910264    0.999935 -0.00680499    0.011626
  -0.489506     0.01039    0.871938  0.00121466
          0           0           0           1
T_world_lidar: 
   0.871952 -0.00460585    0.489569 -0.00705421
 0.00910264    0.999935 -0.00680499    0.011626
  -0.489506     0.01039    0.871938  0.00121466
          0           0           0           1
v_world_imu:   0.00024212 -0.000139093 -0.000851999
frame_17
id: 17
stamp: 1777956504.602626324
T_odom_lidar: 
   0.871937 -0.00461574    0.489597 -0.00702701
 0.00907088    0.999936 -0.00672756   0.0115523
  -0.489534   0.0103071    0.871923  0.00107846
          0           0           0           1
T_world_lidar: 
   0.871937 -0.00461574    0.489597 -0.00702701
 0.00907088    0.999936 -0.00672756   0.0115523
  -0.489534   0.0103071    0.871923  0.00107846
          0           0           0           1
v_world_imu:  0.000258883 -0.000478881  -0.00069456
frame_18
id: 18
stamp: 1777956504.703160286
T_odom_lidar: 
   0.871967 -0.00468034    0.489542 -0.00698194
 0.00911553    0.999936 -0.00667643   0.0114896
   -0.48948   0.0102841    0.871954 0.000995923
          0           0           0           1
T_world_lidar: 
   0.871967 -0.00468034    0.489542 -0.00698194
 0.00911553    0.999936 -0.00667643   0.0114896
   -0.48948   0.0102841    0.871954 0.000995923
          0           0           0           1
v_world_imu: 0.000237959 -0.00075698 -0.00130599
frame_19
id: 19
stamp: 1777956504.802564621
T_odom_lidar: 
   0.871937 -0.00463365    0.489595 -0.00703735
 0.00902813    0.999937 -0.00661485   0.0114882
  -0.489534   0.0101879    0.871925 0.000901524
          0           0           0           1
T_world_lidar: 
   0.871937 -0.00463365    0.489595 -0.00703735
 0.00902813    0.999937 -0.00661485   0.0114882
  -0.489534   0.0101879    0.871925 0.000901524
          0           0           0           1
v_world_imu:   1.4212e-06 -0.000732511 -0.000430434
frame_20
id: 20
stamp: 1777956504.902970076
T_odom_lidar: 
   0.871948 -0.00467145    0.489577 -0.00703108
 0.00901286    0.999938  -0.0065109    0.011421
  -0.489516   0.0100896    0.871936 0.000848875
          0           0           0           1
T_world_lidar: 
   0.871948 -0.00467145    0.489577 -0.00703108
 0.00901286    0.999938  -0.0065109    0.011421
  -0.489516   0.0100896    0.871936 0.000848875
          0           0           0           1
v_world_imu:  1.72396e-05 -0.000527068  -0.00103123
frame_21
id: 21
stamp: 1777956505.002928019
T_odom_lidar: 
   0.871955 -0.00455125    0.489564 -0.00704828
 0.00889301    0.999939 -0.00654325   0.0114153
  -0.489505   0.0100591    0.871943 0.000803037
          0           0           0           1
T_world_lidar: 
   0.871955 -0.00455125    0.489564 -0.00704828
 0.00889301    0.999939 -0.00654325   0.0114153
  -0.489505   0.0100591    0.871943 0.000803037
          0           0           0           1
v_world_imu: -0.000124448 -0.000323491 -0.000225544
frame_22
id: 22
stamp: 1777956505.103277683
T_odom_lidar: 
   0.871961 -0.00457045    0.489554 -0.00705378
 0.00892112    0.999939 -0.00655433   0.0114731
  -0.489494   0.0100825    0.871949 0.000777534
          0           0           0           1
T_world_lidar: 
   0.871961 -0.00457045    0.489554 -0.00705378
 0.00892112    0.999939 -0.00655433   0.0114731
  -0.489494   0.0100825    0.871949 0.000777534
          0           0           0           1
v_world_imu: -9.81207e-05 -0.000232803 -0.000163362
frame_23
id: 23
stamp: 1777956505.203189850
T_odom_lidar: 
   0.871984 -0.00463559    0.489513 -0.00704962
 0.00900131    0.999938 -0.00656508   0.0114677
  -0.489452   0.0101309    0.871972  0.00074359
          0           0           0           1
T_world_lidar: 
   0.871984 -0.00463559    0.489513 -0.00704962
 0.00900131    0.999938 -0.00656508   0.0114677
  -0.489452   0.0101309    0.871972  0.00074359
          0           0           0           1
v_world_imu: -0.000120098 -2.69586e-05  -0.00106709
frame_24
id: 24
stamp: 1777956505.303162336
T_odom_lidar: 
   0.871954 -0.00455101    0.489566 -0.00715377
 0.00892274    0.999938 -0.00659665   0.0114996
  -0.489506   0.0101203    0.871941 0.000690988
          0           0           0           1
T_world_lidar: 
   0.871954 -0.00455101    0.489566 -0.00715377
 0.00892274    0.999938 -0.00659665   0.0114996
  -0.489506   0.0101203    0.871941 0.000690988
          0           0           0           1
v_world_imu: -0.000446002  0.000130651 -0.000287114
frame_25
id: 25
stamp: 1777956505.403171301
T_odom_lidar: 
   0.871949 -0.00457888    0.489576  -0.0072134
 0.00898822    0.999937 -0.00665611   0.0115329
  -0.489515   0.0102042    0.871935 0.000639242
          0           0           0           1
T_world_lidar: 
   0.871949 -0.00457888    0.489576  -0.0072134
 0.00898822    0.999937 -0.00665611   0.0115329
  -0.489515   0.0102042    0.871935 0.000639242
          0           0           0           1
v_world_imu: -0.000561446  0.000150018 -0.000421457
frame_26
id: 26
stamp: 1777956505.503140450
T_odom_lidar: 
   0.871919 -0.00457135    0.489628 -0.00733466
 0.00901277    0.999937 -0.00671397   0.0115975
  -0.489566   0.0102669    0.871906 0.000553804
          0           0           0           1
T_world_lidar: 
   0.871919 -0.00457135    0.489628 -0.00733466
 0.00901277    0.999937 -0.00671397   0.0115975
  -0.489566   0.0102669    0.871906 0.000553804
          0           0           0           1
v_world_imu: -0.000646488   0.00027858 -0.000352807
frame_27
id: 27
stamp: 1777956505.603126287
T_odom_lidar: 
   0.871917  -0.0045839    0.489633 -0.00738503
 0.00904205    0.999936 -0.00674036    0.011667
  -0.489571   0.0103043    0.871903 0.000495704
          0           0           0           1
T_world_lidar: 
   0.871917  -0.0045839    0.489633 -0.00738503
 0.00904205    0.999936 -0.00674036    0.011667
  -0.489571   0.0103043    0.871903 0.000495704
          0           0           0           1
v_world_imu: -0.000644381   0.00038182 -0.000267004
frame_28
id: 28
stamp: 1777956505.702795744
T_odom_lidar: 
     0.8719 -0.00454637    0.489663 -0.00742172
 0.00904783    0.999936 -0.00682658   0.0117864
    -0.4896   0.0103825    0.871885 0.000446924
          0           0           0           1
T_world_lidar: 
     0.8719 -0.00454637    0.489663 -0.00742172
 0.00904783    0.999936 -0.00682658   0.0117864
    -0.4896   0.0103825    0.871885 0.000446924
          0           0           0           1
v_world_imu: -0.000360471   0.00060814  5.84426e-05
frame_29
id: 29
stamp: 1777956505.802802563
T_odom_lidar: 
   0.871891 -0.00457107     0.48968 -0.00745786
 0.00905955    0.999936 -0.00679661   0.0118711
  -0.489617   0.0103622    0.871876 0.000431884
          0           0           0           1
T_world_lidar: 
   0.871891 -0.00457107     0.48968 -0.00745786
 0.00905955    0.999936 -0.00679661   0.0118711
  -0.489617   0.0103622    0.871876 0.000431884
          0           0           0           1
v_world_imu: 4.19321e-05  0.00036711 0.000509234
frame_30
id: 30
stamp: 1777956505.902879715
T_odom_lidar: 
   0.871908 -0.00462566    0.489648 -0.00742794
 0.00910815    0.999936 -0.00677244   0.0118972
  -0.489585   0.0103647    0.871894 0.000470681
          0           0           0           1
T_world_lidar: 
   0.871908 -0.00462566    0.489648 -0.00742794
 0.00910815    0.999936 -0.00677244   0.0118972
  -0.489585   0.0103647    0.871894 0.000470681
          0           0           0           1
v_world_imu:  0.000496186 -0.000157681 -0.000101856
frame_31
id: 31
stamp: 1777956506.003229141
T_odom_lidar: 
   0.871961 -0.00458842    0.489555 -0.00731098
  0.0091051    0.999935 -0.00684534   0.0119314
  -0.489491   0.0104263    0.871946 0.000505068
          0           0           0           1
T_world_lidar: 
   0.871961 -0.00458842    0.489555 -0.00731098
  0.0091051    0.999935 -0.00684534   0.0119314
  -0.489491   0.0104263    0.871946 0.000505068
          0           0           0           1
v_world_imu:  0.000418313 -0.000160234 -0.000288916
frame_32
id: 32
stamp: 1777956506.103237391
T_odom_lidar: 
   0.871904 -0.00454354    0.489656 -0.00736175
   0.009038    0.999936 -0.00681501   0.0119184
  -0.489594   0.0103675    0.871889 0.000477732
          0           0           0           1
T_world_lidar: 
   0.871904 -0.00454354    0.489656 -0.00736175
   0.009038    0.999936 -0.00681501   0.0119184
  -0.489594   0.0103675    0.871889 0.000477732
          0           0           0           1
v_world_imu:  0.000411512 -0.000265207  0.000523903
frame_33
id: 33
stamp: 1777956506.203165293
T_odom_lidar: 
   0.871885 -0.00453938    0.489689 -0.00737234
 0.00900147    0.999937 -0.00675766   0.0118929
  -0.489628   0.0102998    0.871871 0.000465012
          0           0           0           1
T_world_lidar: 
   0.871885 -0.00453938    0.489689 -0.00737234
 0.00900147    0.999937 -0.00675766   0.0118929
  -0.489628   0.0102998    0.871871 0.000465012
          0           0           0           1
v_world_imu:  0.000531017 -0.000506975  0.000624672
frame_34
id: 34
stamp: 1777956506.302923203
T_odom_lidar: 
    0.87189 -0.00452851     0.48968 -0.00738261
 0.00897648    0.999937 -0.00673557   0.0118367
  -0.489619   0.0102683    0.871876 0.000463969
          0           0           0           1
T_world_lidar: 
    0.87189 -0.00452851     0.48968 -0.00738261
 0.00897648    0.999937 -0.00673557   0.0118367
  -0.489619   0.0102683    0.871876 0.000463969
          0           0           0           1
v_world_imu:  0.000498985 -0.000362096  0.000783743
frame_35
id: 35
stamp: 1777956506.403371334
T_odom_lidar: 
   0.871877 -0.00452696    0.489704 -0.00737307
 0.00898274    0.999937 -0.00674931   0.0118512
  -0.489643   0.0102834    0.871863 0.000470098
          0           0           0           1
T_world_lidar: 
   0.871877 -0.00452696    0.489704 -0.00737307
 0.00898274    0.999937 -0.00674931   0.0118512
  -0.489643   0.0102834    0.871863 0.000470098
          0           0           0           1
v_world_imu:  0.000375607 -0.000277837  0.000998047
frame_36
id: 36
stamp: 1777956506.502911091
T_odom_lidar: 
   0.871928 -0.00451935    0.489613 -0.00735138
 0.00895392    0.999937 -0.00671574   0.0117864
  -0.489552   0.0102396    0.871914 0.000480257
          0           0           0           1
T_world_lidar: 
   0.871928 -0.00451935    0.489613 -0.00735138
 0.00895392    0.999937 -0.00671574   0.0117864
  -0.489552   0.0102396    0.871914 0.000480257
          0           0           0           1
v_world_imu:  0.000347175 -0.000508631    0.0001303
frame_37
id: 37
stamp: 1777956506.602818489
T_odom_lidar: 
   0.871899 -0.00445697    0.489665 -0.00739361
  0.0088991    0.999938 -0.00674425   0.0117444
  -0.489605   0.0102379    0.871884 0.000464815
          0           0           0           1
T_world_lidar: 
   0.871899 -0.00445697    0.489665 -0.00739361
  0.0088991    0.999938 -0.00674425   0.0117444
  -0.489605   0.0102379    0.871884 0.000464815
          0           0           0           1
v_world_imu:  0.000337537 -0.000470035  0.000989264
frame_38
id: 38
stamp: 1777956506.702939034
T_odom_lidar: 
   0.871878 -0.00446525    0.489703 -0.00743517
 0.00887828    0.999938 -0.00668935   0.0116584
  -0.489643     0.01018    0.871863 0.000481901
          0           0           0           1
T_world_lidar: 
   0.871878 -0.00446525    0.489703 -0.00743517
 0.00887828    0.999938 -0.00668935   0.0116584
  -0.489643     0.01018    0.871863 0.000481901
          0           0           0           1
v_world_imu:  0.000191184 -0.000367007   0.00073705
frame_39
id: 39
stamp: 1777956506.803160191
T_odom_lidar: 
    0.87187 -0.00453723    0.489716 -0.00744019
 0.00892582    0.999938 -0.00662671   0.0116029
  -0.489655   0.0101488    0.871857 0.000466963
          0           0           0           1
T_world_lidar: 
    0.87187 -0.00453723    0.489716 -0.00744019
 0.00892582    0.999938 -0.00662671   0.0116029
  -0.489655   0.0101488    0.871857 0.000466963
          0           0           0           1
v_world_imu: -0.000103504  -0.00019644 -0.000308099
frame_40
id: 40
stamp: 1777956506.903152227
T_odom_lidar: 
   0.871831 -0.00440909    0.489786 -0.00749828
 0.00886287    0.999938 -0.00677462   0.0116725
  -0.489726   0.0102472    0.871816 0.000305617
          0           0           0           1
T_world_lidar: 
   0.871831 -0.00440909    0.489786 -0.00749828
 0.00886287    0.999938 -0.00677462   0.0116725
  -0.489726   0.0102472    0.871816 0.000305617
          0           0           0           1
v_world_imu: -0.000265867 -0.000267217    0.0010121
frame_41
id: 41
stamp: 1777956507.003187656
T_odom_lidar: 
   0.871822 -0.00445001    0.489803 -0.00750907
 0.00891058    0.999937  -0.0067756   0.0116326
  -0.489742   0.0102715    0.871807  0.00037323
          0           0           0           1
T_world_lidar: 
   0.871822 -0.00445001    0.489803 -0.00750907
 0.00891058    0.999937  -0.0067756   0.0116326
  -0.489742   0.0102715    0.871807  0.00037323
          0           0           0           1
v_world_imu: -0.000233653 -0.000387355  0.000519453
frame_42
id: 42
stamp: 1777956507.103134632
T_odom_lidar: 
   0.871846  -0.0044616     0.48976 -0.00751784
 0.00892326    0.999937 -0.00677554   0.0115991
  -0.489699   0.0102775    0.871831 0.000398486
          0           0           0           1
T_world_lidar: 
   0.871846  -0.0044616     0.48976 -0.00751784
 0.00892326    0.999937 -0.00677554   0.0115991
  -0.489699   0.0102775    0.871831 0.000398486
          0           0           0           1
v_world_imu: -0.000341062 -0.000119822  0.000464485
frame_43
id: 43
stamp: 1777956507.202927589
T_odom_lidar: 
   0.871821 -0.00442633    0.489805 -0.00758549
 0.00888575    0.999938 -0.00677971   0.0115926
  -0.489744    0.010263    0.871806   0.0003974
          0           0           0           1
T_world_lidar: 
   0.871821 -0.00442633    0.489805 -0.00758549
 0.00888575    0.999938 -0.00677971   0.0115926
  -0.489744    0.010263    0.871806   0.0003974
          0           0           0           1
v_world_imu: -0.000330105 -0.000512678  0.000303253
frame_44
id: 44
stamp: 1777956507.303305626
T_odom_lidar: 
   0.871824  -0.0044181      0.4898 -0.00760963
 0.00885433    0.999938 -0.00674069   0.0115438
  -0.489739   0.0102135    0.871809 0.000422542
          0           0           0           1
T_world_lidar: 
   0.871824  -0.0044181      0.4898 -0.00760963
 0.00885433    0.999938 -0.00674069   0.0115438
  -0.489739   0.0102135    0.871809 0.000422542
          0           0           0           1
v_world_imu: -0.000347853 -0.000547093  0.000526078
frame_45
id: 45
stamp: 1777956507.402884483
T_odom_lidar: 
    0.87185 -0.00439472    0.489753 -0.00760245
 0.00885449    0.999938 -0.00678983   0.0115743
  -0.489693   0.0102562    0.871835 0.000489327
          0           0           0           1
T_world_lidar: 
    0.87185 -0.00439472    0.489753 -0.00760245
 0.00885449    0.999938 -0.00678983   0.0115743
  -0.489693   0.0102562    0.871835 0.000489327
          0           0           0           1
v_world_imu: -0.000368386 -0.000338766  0.000526782
frame_46
id: 46
stamp: 1777956507.502927542
T_odom_lidar: 
   0.871833 -0.00440904    0.489784 -0.00761456
 0.00882816    0.999938 -0.00671298    0.011564
  -0.489724   0.0101765    0.871818 0.000528675
          0           0           0           1
T_world_lidar: 
   0.871833 -0.00440904    0.489784 -0.00761456
 0.00882816    0.999938 -0.00671298    0.011564
  -0.489724   0.0101765    0.871818 0.000528675
          0           0           0           1
v_world_imu: -0.000143094 -0.000103922  0.000422486
frame_47
id: 47
stamp: 1777956507.602930784
T_odom_lidar: 
   0.871856 -0.00444788    0.489743 -0.00757552
 0.00884548    0.999939 -0.00666547   0.0115774
  -0.489683   0.0101433    0.871842  0.00055799
          0           0           0           1
T_world_lidar: 
   0.871856 -0.00444788    0.489743 -0.00757552
 0.00884548    0.999939 -0.00666547   0.0115774
  -0.489683   0.0101433    0.871842  0.00055799
          0           0           0           1
v_world_imu:  7.32452e-05  1.18151e-05 -0.000787008
frame_48
id: 48
stamp: 1777956507.702941656
T_odom_lidar: 
   0.871831 -0.00435572    0.489788 -0.00756054
 0.00887063    0.999937 -0.00689736   0.0117566
  -0.489727   0.0103581    0.871814 0.000484553
          0           0           0           1
T_world_lidar: 
   0.871831 -0.00435572    0.489788 -0.00756054
 0.00887063    0.999937 -0.00689736   0.0117566
  -0.489727   0.0103581    0.871814 0.000484553
          0           0           0           1
v_world_imu: -6.25839e-05  0.000286973  0.000542512
frame_49
id: 49
stamp: 1777956507.803249598
T_odom_lidar: 
    0.871825  -0.00418371       0.4898  -0.00760914
  0.00870781     0.999938  -0.00695841     0.011801
   -0.489741    0.0103316     0.871807 -0.000360642
           0            0            0            1
T_world_lidar: 
    0.871825  -0.00418371       0.4898  -0.00760914
  0.00870781     0.999938  -0.00695841     0.011801
   -0.489741    0.0103316     0.871807 -0.000360642
           0            0            0            1
v_world_imu: 1.81358e-05 0.000415906   0.0013671
frame_50
id: 50
stamp: 1777956507.902966738
T_odom_lidar: 
    0.871838  -0.00425317     0.489776  -0.00757941
  0.00874644     0.999938  -0.00688594    0.0118531
   -0.489717    0.0102872     0.871821 -0.000167394
           0            0            0            1
T_world_lidar: 
    0.871838  -0.00425317     0.489776  -0.00757941
  0.00874644     0.999938  -0.00688594    0.0118531
   -0.489717    0.0102872     0.871821 -0.000167394
           0            0            0            1
v_world_imu:  0.0001402  0.0003695 0.00179422
frame_51
id: 51
stamp: 1777956508.002914429
T_odom_lidar: 
   0.871852 -0.00428498     0.48975 -0.00754602
 0.00879069    0.999938  -0.0069004   0.0118897
   -0.48969   0.0103214    0.871835 3.44203e-05
          0           0           0           1
T_world_lidar: 
   0.871852 -0.00428498     0.48975 -0.00754602
 0.00879069    0.999938  -0.0069004   0.0118897
   -0.48969   0.0103214    0.871835 3.44203e-05
          0           0           0           1
v_world_imu: 0.000295863   0.0002333  0.00171172
frame_52
id: 52
stamp: 1777956508.102945089
T_odom_lidar: 
   0.871858 -0.00414598    0.489741  -0.0075528
 0.00870724    0.999937 -0.00703587   0.0119397
  -0.489681   0.0103986     0.87184 -0.00112467
          0           0           0           1
T_world_lidar: 
   0.871858 -0.00414598    0.489741  -0.0075528
 0.00870724    0.999937 -0.00703587   0.0119397
  -0.489681   0.0103986     0.87184 -0.00112467
          0           0           0           1
v_world_imu:  4.40708e-05    0.0004135 -0.000207891
frame_53
id: 53
stamp: 1777956508.202913284
T_odom_lidar: 
   0.871853 -0.00416557    0.489749 -0.00754066
 0.00871963    0.999937 -0.00701774   0.0119576
  -0.489689   0.0103889    0.871835 -0.00113839
          0           0           0           1
T_world_lidar: 
   0.871853 -0.00416557    0.489749 -0.00754066
 0.00871963    0.999937 -0.00701774   0.0119576
  -0.489689   0.0103889    0.871835 -0.00113839
          0           0           0           1
v_world_imu:  3.69279e-05  0.000144913 -1.80074e-05
frame_54
id: 54
stamp: 1777956508.302831888
T_odom_lidar: 
   0.871857 -0.00414587    0.489742 -0.00753985
 0.00871156    0.999937 -0.00704377   0.0119741
  -0.489682   0.0104076    0.871839 -0.00113788
          0           0           0           1
T_world_lidar: 
   0.871857 -0.00414587    0.489742 -0.00753985
 0.00871156    0.999937 -0.00704377   0.0119741
  -0.489682   0.0104076    0.871839 -0.00113788
          0           0           0           1
v_world_imu: 7.28593e-05 0.000115399 0.000210874
frame_55
id: 55
stamp: 1777956508.402912617
T_odom_lidar: 
   0.871848 -0.00410943     0.48976 -0.00755104
 0.00869182    0.999937  -0.0070826   0.0119803
    -0.4897   0.0104319    0.871829 -0.00113878
          0           0           0           1
T_world_lidar: 
   0.871848 -0.00410943     0.48976 -0.00755104
 0.00869182    0.999937  -0.0070826   0.0119803
    -0.4897   0.0104319    0.871829 -0.00113878
          0           0           0           1
v_world_imu: 7.83769e-05 9.71129e-05 0.000128876
frame_56
id: 56
stamp: 1777956508.503232479
T_odom_lidar: 
   0.871836  -0.0041607     0.48978 -0.00755082
 0.00871197    0.999937  -0.0070133   0.0119717
   -0.48972   0.0103814    0.871818 -0.00114416
          0           0           0           1
T_world_lidar: 
   0.871836  -0.0041607     0.48978 -0.00755082
 0.00871197    0.999937  -0.0070133   0.0119717
   -0.48972   0.0103814    0.871818 -0.00114416
          0           0           0           1
v_world_imu: 1.44011e-05 7.50258e-05 0.000195704
frame_57
id: 57
stamp: 1777956508.602897882
T_odom_lidar: 
   0.871802 -0.00412864    0.489841 -0.00756022
 0.00866802    0.999938 -0.00699903    0.011968
  -0.489782   0.0103477    0.871784  -0.0011624
          0           0           0           1
T_world_lidar: 
   0.871802 -0.00412864    0.489841 -0.00756022
 0.00866802    0.999938 -0.00699903    0.011968
  -0.489782   0.0103477    0.871784  -0.0011624
          0           0           0           1
v_world_imu: 0.000202743 6.75788e-05 0.000299754
frame_58
id: 58
stamp: 1777956508.703061342
T_odom_lidar: 
   0.871787 -0.00418346    0.489868 -0.00755318
 0.00870391    0.999938 -0.00695034   0.0119536
  -0.489808    0.010323    0.871769 -0.00116637
          0           0           0           1
T_world_lidar: 
   0.871787 -0.00418346    0.489868 -0.00755318
 0.00870391    0.999938 -0.00695034   0.0119536
  -0.489808    0.010323    0.871769 -0.00116637
          0           0           0           1
v_world_imu:  0.000408532 -4.29971e-05  0.000271004
frame_59
id: 59
stamp: 1777956508.803218126
T_odom_lidar: 
   0.871785 -0.00415248    0.489871 -0.00752584
 0.00866616    0.999938 -0.00694632   0.0119406
  -0.489812    0.010301    0.871767 -0.00116306
          0           0           0           1
T_world_lidar: 
   0.871785 -0.00415248    0.489871 -0.00752584
 0.00866616    0.999938 -0.00694632   0.0119406
  -0.489812    0.010301    0.871767 -0.00116306
          0           0           0           1
v_world_imu: 0.000457121 2.00569e-05 0.000523229
frame_60
id: 60
stamp: 1777956508.903299809
T_odom_lidar: 
   0.871792 -0.00412133    0.489859 -0.00749502
 0.00862479    0.999939 -0.00693657    0.011926
  -0.489801   0.0102722    0.871774 -0.00114592
          0           0           0           1
T_world_lidar: 
   0.871792 -0.00412133    0.489859 -0.00749502
 0.00862479    0.999939 -0.00693657    0.011926
  -0.489801   0.0102722    0.871774 -0.00114592
          0           0           0           1
v_world_imu: 0.000499707 5.56222e-05 0.000604496
frame_61
id: 61
stamp: 1777956509.003256083
T_odom_lidar: 
   0.871817 -0.00413061    0.489814  -0.0074497
 0.00863562    0.999939   -0.006938   0.0119147
  -0.489755   0.0102785    0.871799  -0.0011225
          0           0           0           1
T_world_lidar: 
   0.871817 -0.00413061    0.489814  -0.0074497
 0.00863562    0.999939   -0.006938   0.0119147
  -0.489755   0.0102785    0.871799  -0.0011225
          0           0           0           1
v_world_imu:  0.000733296 -0.000133395  0.000484068
frame_62
id: 62
stamp: 1777956509.103321314
T_odom_lidar: 
    0.87185 -0.00422388    0.489755 -0.00738501
 0.00869269    0.999939 -0.00685056     0.01189
  -0.489696     0.01023    0.871833 -0.00108749
          0           0           0           1
T_world_lidar: 
    0.87185 -0.00422388    0.489755 -0.00738501
 0.00869269    0.999939 -0.00685056     0.01189
  -0.489696     0.01023    0.871833 -0.00108749
          0           0           0           1
v_world_imu:  0.000685814 -6.22348e-06  0.000525363
frame_63
id: 63
stamp: 1777956509.203497648
T_odom_lidar: 
   0.871862 -0.00419627    0.489733 -0.00733203
  0.0087032    0.999938 -0.00692617    0.011908
  -0.489674   0.0103009    0.871845 -0.00106443
          0           0           0           1
T_world_lidar: 
   0.871862 -0.00419627    0.489733 -0.00733203
  0.0087032    0.999938 -0.00692617    0.011908
  -0.489674   0.0103009    0.871845 -0.00106443
          0           0           0           1
v_world_imu: 0.000497232 0.000339406 0.000229584
frame_64
id: 64
stamp: 1777956509.303170443
T_odom_lidar: 
   0.871837 -0.00421574    0.489779 -0.00727652
 0.00873398    0.999938 -0.00694012   0.0119225
  -0.489719   0.0103284    0.871819  -0.0010585
          0           0           0           1
T_world_lidar: 
   0.871837 -0.00421574    0.489779 -0.00727652
 0.00873398    0.999938 -0.00694012   0.0119225
  -0.489719   0.0103284    0.871819  -0.0010585
          0           0           0           1
v_world_imu: 0.000656326 0.000307588 0.000158984
frame_65
id: 65
stamp: 1777956509.403319120
T_odom_lidar: 
   0.871877 -0.00422748    0.489707  -0.0071965
 0.00874245    0.999938 -0.00693295   0.0119422
  -0.489647   0.0103259     0.87186 -0.00105402
          0           0           0           1
T_world_lidar: 
   0.871877 -0.00422748    0.489707  -0.0071965
 0.00874245    0.999938 -0.00693295   0.0119422
  -0.489647   0.0103259     0.87186 -0.00105402
          0           0           0           1
v_world_imu: 0.000713149   0.0003426 0.000159788
frame_66
id: 66
stamp: 1777956509.502864122
T_odom_lidar: 
   0.871857    -0.00422    0.489742 -0.00714902
 0.00874079    0.999938 -0.00694444   0.0119804
  -0.489682   0.0103353     0.87184 -0.00105037
          0           0           0           1
T_world_lidar: 
   0.871857    -0.00422    0.489742 -0.00714902
 0.00874079    0.999938 -0.00694444   0.0119804
  -0.489682   0.0103353     0.87184 -0.00105037
          0           0           0           1
v_world_imu:  0.000343519  0.000546884 -0.000145448
frame_67
id: 67
stamp: 1777956509.603245735
T_odom_lidar: 
   0.871863 -0.00423479    0.489731  -0.0070891
 0.00875434    0.999938  -0.0069386   0.0120291
  -0.489671   0.0103368    0.871846 -0.00104271
          0           0           0           1
T_world_lidar: 
   0.871863 -0.00423479    0.489731  -0.0070891
 0.00875434    0.999938  -0.0069386   0.0120291
  -0.489671   0.0103368    0.871846 -0.00104271
          0           0           0           1
v_world_imu:      0.00028  0.000462852 -0.000190813
frame_68
id: 68
stamp: 1777956509.702907085
T_odom_lidar: 
   0.871881  -0.0042379    0.489699 -0.00706152
 0.00876428    0.999937 -0.00695075   0.0120734
  -0.489639   0.0103521    0.871864 -0.00103667
          0           0           0           1
T_world_lidar: 
   0.871881  -0.0042379    0.489699 -0.00706152
 0.00876428    0.999937 -0.00695075   0.0120734
  -0.489639   0.0103521    0.871864 -0.00103667
          0           0           0           1
v_world_imu:  0.000238303  0.000382493 -3.98705e-05
frame_69
id: 69
stamp: 1777956509.802691698
T_odom_lidar: 
    0.87188 -0.00423443    0.489702 -0.00705336
 0.00874038    0.999938 -0.00691521   0.0120956
  -0.489642   0.0103094    0.871862 -0.00102686
          0           0           0           1
T_world_lidar: 
    0.87188 -0.00423443    0.489702 -0.00705336
 0.00874038    0.999938 -0.00691521   0.0120956
  -0.489642   0.0103094    0.871862 -0.00102686
          0           0           0           1
v_world_imu: -3.76586e-05  0.000309415 -3.37288e-05
frame_70
id: 70
stamp: 1777956509.902822495
T_odom_lidar: 
   0.871899   -0.004241    0.489668 -0.00704767
 0.00875851    0.999938  -0.0069349   0.0121348
  -0.489608   0.0103353    0.871881 -0.00100638
          0           0           0           1
T_world_lidar: 
   0.871899   -0.004241    0.489668 -0.00704767
 0.00875851    0.999938  -0.0069349   0.0121348
  -0.489608   0.0103353    0.871881 -0.00100638
          0           0           0           1
v_world_imu: -0.000317633  0.000414313  6.71597e-06
frame_71
id: 71
stamp: 1777956510.003315926
T_odom_lidar: 
    0.871892  -0.00427795     0.489679  -0.00707478
  0.00877546     0.999938  -0.00688937    0.0121706
   -0.489619    0.0103039     0.871876 -0.000972105
           0            0            0            1
T_world_lidar: 
    0.871892  -0.00427795     0.489679  -0.00707478
  0.00877546     0.999938  -0.00688937    0.0121706
   -0.489619    0.0103039     0.871876 -0.000972105
           0            0            0            1
v_world_imu: -0.000244909  0.000354179  5.32113e-06
frame_72
id: 72
stamp: 1777956510.102913618
T_odom_lidar: 
    0.871915  -0.00425427     0.489639  -0.00709377
  0.00876688     0.999938  -0.00692341    0.0122127
   -0.489579    0.0103292     0.871898 -0.000948313
           0            0            0            1
T_world_lidar: 
    0.871915  -0.00425427     0.489639  -0.00709377
  0.00876688     0.999938  -0.00692341    0.0122127
   -0.489579    0.0103292     0.871898 -0.000948313
           0            0            0            1
v_world_imu: -0.000391911  0.000313267  4.44479e-05
frame_73
id: 73
stamp: 1777956510.203216553
T_odom_lidar: 
     0.87193  -0.00427664     0.489611   -0.0071244
  0.00878357     0.999938  -0.00690811     0.012241
   -0.489551    0.0103239     0.871913 -0.000907812
           0            0            0            1
T_world_lidar: 
     0.87193  -0.00427664     0.489611   -0.0071244
  0.00878357     0.999938  -0.00690811     0.012241
   -0.489551    0.0103239     0.871913 -0.000907812
           0            0            0            1
v_world_imu: -0.000597921  0.000313768  0.000208295
frame_74
id: 74
stamp: 1777956510.302893877
T_odom_lidar: 
    0.871901   -0.0042884     0.489663  -0.00716832
  0.00880372     0.999937  -0.00691873    0.0122845
   -0.489603    0.0103433     0.871884 -0.000854115
           0            0            0            1
T_world_lidar: 
    0.871901   -0.0042884     0.489663  -0.00716832
  0.00880372     0.999937  -0.00691873    0.0122845
   -0.489603    0.0103433     0.871884 -0.000854115
           0            0            0            1
v_world_imu: -0.000636385  0.000341189  0.000301262
frame_75
id: 75
stamp: 1777956510.403151751
T_odom_lidar: 
     0.8719  -0.0042833    0.489666 -0.00720912
 0.00883944    0.999936 -0.00699267   0.0123056
  -0.489605   0.0104253    0.871882 -0.00081165
          0           0           0           1
T_world_lidar: 
     0.8719  -0.0042833    0.489666 -0.00720912
 0.00883944    0.999936 -0.00699267   0.0123056
  -0.489605   0.0104253    0.871882 -0.00081165
          0           0           0           1
v_world_imu: -0.000658663  5.27821e-06   0.00018775
frame_76
id: 76
stamp: 1777956510.503160715
T_odom_lidar: 
