id: 1
T_world_origin: 
   0.876981 -0.00948335    0.480431  -0.0475073
  0.0125189    0.999917 -0.00311436   0.0294404
  -0.480362  0.00874569    0.877027  0.00101692
          0           0           0           1
T_origin_endpoint_L: 
    0.999999 -0.000874147  -0.00120557    0.0451735
 0.000878062     0.999994    0.0032509   0.00348459
  0.00120272  -0.00325195     0.999994    0.0243954
           0            0            0            1
T_origin_endpoint_R: 
   0.999446   -0.033236 -0.00153706    0.292903
  0.0332631    0.999166   0.0236872   0.0122251
0.000748509  -0.0237252    0.999718    0.163292
          0           0           0           1
T_lidar_imu: 
     1      0      0  0.006
     0      1      0 -0.012
     0      0      1  0.008
     0      0      0      1
imu_bias:  0.00472387 0.000311644 -0.00849278 -0.00509007 -0.00114122  0.00146606
frame_id: 2
num_frames: 630
frame_0
id: 2816
stamp: 1777955616.839183569
T_odom_lidar: 
    0.877273   -0.0118068     0.479847  -0.00528619
   0.0137623     0.999905 -0.000557714    0.0457839
   -0.479795   0.00709305     0.877352  -0.00335297
           0            0            0            1
T_world_lidar: 
    0.877273   -0.0118068     0.479847  -0.00528619
   0.0137623     0.999905 -0.000557714    0.0457839
   -0.479795   0.00709305     0.877352  -0.00335297
           0            0            0            1
v_world_imu:     0.243214     0.017783 -0.000498854
frame_1
id: 2817
stamp: 1777955616.938304663
T_odom_lidar: 
   0.875851  -0.0145477    0.482363   0.0207042
  0.0156859    0.999876  0.00167372   0.0468423
  -0.482327  0.00610037     0.87597 -0.00320083
          0           0           0           1
T_world_lidar: 
   0.875851  -0.0145477    0.482363   0.0207042
  0.0156859    0.999876  0.00167372   0.0468423
  -0.482327  0.00610037     0.87597 -0.00320083
          0           0           0           1
v_world_imu:   0.218487 0.00994059 0.00387829
frame_2
id: 2818
stamp: 1777955617.039332867
T_odom_lidar: 
   0.876677  -0.0149575    0.480847   0.0434468
   0.015577    0.999875  0.00270276   0.0481413
  -0.480828  0.00512072      0.8768 -0.00295929
          0           0           0           1
T_world_lidar: 
   0.876677  -0.0149575    0.480847   0.0434468
   0.015577    0.999875  0.00270276   0.0481413
  -0.480828  0.00512072      0.8768 -0.00295929
          0           0           0           1
v_world_imu:    0.278119 -0.00638273  0.00315747
frame_3
id: 2819
stamp: 1777955617.139540911
T_odom_lidar: 
   0.876787  -0.0177908     0.48055   0.0669703
   0.018221    0.999827  0.00377019   0.0482841
  -0.480534  0.00545048    0.876959 -0.00292816
          0           0           0           1
T_world_lidar: 
   0.876787  -0.0177908     0.48055   0.0669703
   0.018221    0.999827  0.00377019   0.0482841
  -0.480534  0.00545048    0.876959 -0.00292816
          0           0           0           1
v_world_imu:    0.241968   0.0106676 0.000473852
frame_4
id: 2820
stamp: 1777955617.239262342
T_odom_lidar: 
  0.876166 -0.0207042   0.481564  0.0876048
 0.0209202   0.999769 0.00492118  0.0479263
 -0.481555 0.00576265   0.876397 -0.0030338
         0          0          0          1
T_world_lidar: 
  0.876166 -0.0207042   0.481564  0.0876048
 0.0209202   0.999769 0.00492118  0.0479263
 -0.481555 0.00576265   0.876397 -0.0030338
         0          0          0          1
v_world_imu:    0.179465 -0.00185942  0.00143327
frame_5
id: 2821
stamp: 1777955617.339270115
T_odom_lidar: 
   0.876663  -0.0197663    0.480699    0.100891
  0.0200697    0.999788  0.00450972   0.0481334
  -0.480686  0.00569396    0.876874 -0.00301672
          0           0           0           1
T_world_lidar: 
   0.876663  -0.0197663    0.480699    0.100891
  0.0200697    0.999788  0.00450972   0.0481334
  -0.480686  0.00569396    0.876874 -0.00301672
          0           0           0           1
v_world_imu:      0.10264   0.00039456 -0.000845076
frame_6
id: 2822
stamp: 1777955617.439268827
T_odom_lidar: 
   0.875882  -0.0210736    0.482064    0.111376
  0.0212115    0.999762  0.00516484   0.0481492
  -0.482058  0.00570151    0.876121 -0.00301152
          0           0           0           1
T_world_lidar: 
   0.875882  -0.0210736    0.482064    0.111376
  0.0212115    0.999762  0.00516484   0.0481492
  -0.482058  0.00570151    0.876121 -0.00301152
          0           0           0           1
v_world_imu:    0.0600749 -0.000569933 -0.000755159
frame_7
id: 2823
stamp: 1777955617.539374590
T_odom_lidar: 
   0.875895   -0.020269    0.482076    0.115641
  0.0204015     0.99978  0.00496813   0.0486695
  -0.482071  0.00548351    0.876115 -0.00299902
          0           0           0           1
T_world_lidar: 
   0.875895   -0.020269    0.482076    0.115641
  0.0204015     0.99978  0.00496813   0.0486695
  -0.482071  0.00548351    0.876115 -0.00299902
          0           0           0           1
v_world_imu:   0.0139507 -0.00187905 0.000381483
frame_8
id: 2824
stamp: 1777955617.639408827
T_odom_lidar: 
  0.876114 -0.0198315   0.481696   0.115004
  0.020001   0.999789 0.00478337  0.0488523
 -0.481689 0.00544364   0.876325 -0.0029234
         0          0          0          1
T_world_lidar: 
  0.876114 -0.0198315   0.481696   0.115004
  0.020001   0.999789 0.00478337  0.0488523
 -0.481689 0.00544364   0.876325 -0.0029234
         0          0          0          1
v_world_imu:  -0.0325851  0.00525138 -0.00107968
frame_9
id: 2825
stamp: 1777955617.739308834
T_odom_lidar: 
   0.876444  -0.0227576    0.480965    0.113446
  0.0226556    0.999725  0.00601907     0.04888
   -0.48097  0.00562117    0.876719 -0.00287035
          0           0           0           1
T_world_lidar: 
   0.876444  -0.0227576    0.480965    0.113446
  0.0226556    0.999725  0.00601907     0.04888
   -0.48097  0.00562117    0.876719 -0.00287035
          0           0           0           1
v_world_imu:   0.00354013  -0.00141014 -2.79097e-05
frame_10
id: 2826
stamp: 1777955617.838359356
T_odom_lidar: 
   0.876622  -0.0219136    0.480681    0.113262
  0.0218451    0.999745  0.00573802   0.0491354
  -0.480684  0.00547042    0.876877 -0.00286971
          0           0           0           1
T_world_lidar: 
   0.876622  -0.0219136    0.480681    0.113262
  0.0218451    0.999745  0.00573802   0.0491354
  -0.480684  0.00547042    0.876877 -0.00286971
          0           0           0           1
v_world_imu:    0.0107851   0.00559297 -0.000279141
frame_11
id: 2827
stamp: 1777955617.939315796
T_odom_lidar: 
  0.876584 -0.0219792   0.480746   0.113372
 0.0221007   0.999741 0.00540899  0.0492382
  -0.48074 0.00588339   0.876843 -0.0028608
         0          0          0          1
T_world_lidar: 
  0.876584 -0.0219792   0.480746   0.113372
 0.0221007   0.999741 0.00540899  0.0492382
  -0.48074 0.00588339   0.876843 -0.0028608
         0          0          0          1
v_world_imu:  0.00295861  0.00147977 -0.00100485
frame_12
id: 2828
stamp: 1777955618.039431572
T_odom_lidar: 
   0.876779  -0.0224375     0.48037    0.112671
  0.0222674    0.999734  0.00605349   0.0492499
  -0.480378  0.00538903    0.877045 -0.00287318
          0           0           0           1
T_world_lidar: 
   0.876779  -0.0224375     0.48037    0.112671
  0.0222674    0.999734  0.00605349   0.0492499
  -0.480378  0.00538903    0.877045 -0.00287318
          0           0           0           1
v_world_imu: -0.00730605 -0.00246713  -0.0011459
frame_13
id: 2829
stamp: 1777955618.139358282
T_odom_lidar: 
   0.876472  -0.0219307    0.480954    0.113146
   0.021922    0.999744  0.00563681   0.0493716
  -0.480954  0.00560298    0.876728 -0.00290451
          0           0           0           1
T_world_lidar: 
   0.876472  -0.0219307    0.480954    0.113146
   0.021922    0.999744  0.00563681   0.0493716
  -0.480954  0.00560298    0.876728 -0.00290451
          0           0           0           1
v_world_imu:  0.00273178 0.000640504 -0.00148903
frame_14
id: 2830
stamp: 1777955618.238304853
T_odom_lidar: 
   0.876538  -0.0222016    0.480821    0.112738
  0.0221573    0.999738  0.00576946   0.0493701
  -0.480823  0.00559653      0.8768 -0.00292556
          0           0           0           1
T_world_lidar: 
   0.876538  -0.0222016    0.480821    0.112738
  0.0221573    0.999738  0.00576946   0.0493701
  -0.480823  0.00559653      0.8768 -0.00292556
          0           0           0           1
v_world_imu:  -0.0137038 -0.00134603 -0.00103673
frame_15
id: 2831
stamp: 1777955618.339303255
T_odom_lidar: 
   0.876398  -0.0223682    0.481069    0.112654
  0.0221741    0.999736  0.00608849   0.0493226
  -0.481078  0.00533133    0.876662 -0.00296203
          0           0           0           1
T_world_lidar: 
   0.876398  -0.0223682    0.481069    0.112654
  0.0221741    0.999736  0.00608849   0.0493226
  -0.481078  0.00533133    0.876662 -0.00296203
          0           0           0           1
v_world_imu:   0.00117645 -0.000520213   -0.0009579
frame_16
id: 2832
stamp: 1777955618.439355135
T_odom_lidar: 
   0.876301  -0.0219612    0.481264    0.112695
  0.0219418    0.999743  0.00566838    0.049371
  -0.481265  0.00559258    0.876557 -0.00297899
          0           0           0           1
T_world_lidar: 
   0.876301  -0.0219612    0.481264    0.112695
  0.0219418    0.999743  0.00566838    0.049371
  -0.481265  0.00559258    0.876557 -0.00297899
          0           0           0           1
v_world_imu: -0.00367587  0.00119669 -0.00032278
frame_17
id: 2833
stamp: 1777955618.539240599
T_odom_lidar: 
   0.876384  -0.0225265    0.481086     0.11227
  0.0223503    0.999732  0.00609652   0.0492242
  -0.481094  0.00540952    0.876652 -0.00301358
          0           0           0           1
T_world_lidar: 
   0.876384  -0.0225265    0.481086     0.11227
  0.0223503    0.999732  0.00609652   0.0492242
  -0.481094  0.00540952    0.876652 -0.00301358
          0           0           0           1
v_world_imu:  -0.00121148 -0.000693505  0.000180605
frame_18
id: 2834
stamp: 1777955618.639395475
T_odom_lidar: 
    0.87633  -0.0219558     0.48121    0.112259
  0.0218991    0.999744  0.00573419   0.0493032
  -0.481212  0.00551301    0.876587 -0.00304109
          0           0           0           1
T_world_lidar: 
    0.87633  -0.0219558     0.48121    0.112259
  0.0218991    0.999744  0.00573419   0.0493032
  -0.481212  0.00551301    0.876587 -0.00304109
          0           0           0           1
v_world_imu:  0.00417759  0.00149632 0.000411577
frame_19
id: 2835
stamp: 1777955618.739142179
T_odom_lidar: 
   0.876368  -0.0221242    0.481133    0.112174
  0.0220608     0.99974  0.00578861   0.0492699
  -0.481136  0.00554122    0.876628 -0.00308042
          0           0           0           1
T_world_lidar: 
   0.876368  -0.0221242    0.481133    0.112174
  0.0220608     0.99974  0.00578861   0.0492699
  -0.481136  0.00554122    0.876628 -0.00308042
          0           0           0           1
v_world_imu: -0.00119422 -0.00032294 0.000560161
frame_20
id: 2836
stamp: 1777955618.839504719
T_odom_lidar: 
   0.876464  -0.0222832    0.480951    0.111845
  0.0222007    0.999736  0.00586165   0.0491958
  -0.480955  0.00553993    0.876728 -0.00312958
          0           0           0           1
T_world_lidar: 
   0.876464  -0.0222832    0.480951    0.111845
  0.0222007    0.999736  0.00586165   0.0491958
  -0.480955  0.00553993    0.876728 -0.00312958
          0           0           0           1
v_world_imu:   0.00182455 -0.000388152  0.000485509
frame_21
id: 2837
stamp: 1777955618.939518213
T_odom_lidar: 
   0.876284  -0.0219511    0.481295    0.112082
  0.0218934    0.999744  0.00573579   0.0492282
  -0.481298  0.00551103     0.87654 -0.00317532
          0           0           0           1
T_world_lidar: 
   0.876284  -0.0219511    0.481295    0.112082
  0.0218934    0.999744  0.00573579   0.0492282
  -0.481298  0.00551103     0.87654 -0.00317532
          0           0           0           1
v_world_imu: -0.000388874 -0.000266391  0.000491307
frame_22
id: 2838
stamp: 1777955619.039395332
T_odom_lidar: 
   0.876451  -0.0222871    0.480976    0.111716
  0.0221352    0.999737   0.0059897   0.0491183
  -0.480983  0.00539681    0.876713 -0.00319385
          0           0           0           1
T_world_lidar: 
   0.876451  -0.0222871    0.480976    0.111716
  0.0221352    0.999737   0.0059897   0.0491183
  -0.480983  0.00539681    0.876713 -0.00319385
          0           0           0           1
v_world_imu:  -0.00171382 -0.000495921   0.00105967
frame_23
id: 2839
stamp: 1777955619.138355255
T_odom_lidar: 
   0.876322  -0.0221112    0.481218    0.111859
  0.0220836     0.99974  0.00572094   0.0490867
  -0.481219  0.00561366    0.876582 -0.00318999
          0           0           0           1
T_world_lidar: 
   0.876322  -0.0221112    0.481218    0.111859
  0.0220836     0.99974  0.00572094   0.0490867
  -0.481219  0.00561366    0.876582 -0.00318999
          0           0           0           1
v_world_imu:  0.000611148 -8.77613e-05  0.000484565
frame_24
id: 2840
stamp: 1777955619.239255667
T_odom_lidar: 
   0.876324  -0.0220383    0.481218    0.111786
  0.0220036    0.999742  0.00571543   0.0490354
  -0.481219  0.00557994    0.876583 -0.00321711
          0           0           0           1
T_world_lidar: 
   0.876324  -0.0220383    0.481218    0.111786
  0.0220036    0.999742  0.00571543   0.0490354
  -0.481219  0.00557994    0.876583 -0.00321711
          0           0           0           1
v_world_imu:  -0.00311071 -0.000896979  0.000671968
frame_25
id: 2841
stamp: 1777955619.339177370
T_odom_lidar: 
   0.876349  -0.0223122     0.48116    0.111666
  0.0222153    0.999736  0.00589817   0.0489115
  -0.481165  0.00552026    0.876613 -0.00322825
          0           0           0           1
T_world_lidar: 
   0.876349  -0.0223122     0.48116    0.111666
  0.0222153    0.999736  0.00589817   0.0489115
  -0.481165  0.00552026    0.876613 -0.00322825
          0           0           0           1
v_world_imu: 0.000330981 5.48952e-05 0.000617009
frame_26
id: 2842
stamp: 1777955619.439363718
T_odom_lidar: 
   0.876273  -0.0220371    0.481311    0.111808
  0.0219887    0.999742  0.00574124   0.0488807
  -0.481313  0.00555251    0.876531 -0.00324929
          0           0           0           1
T_world_lidar: 
   0.876273  -0.0220371    0.481311    0.111808
  0.0219887    0.999742  0.00574124   0.0488807
  -0.481313  0.00555251    0.876531 -0.00324929
          0           0           0           1
v_world_imu:  0.000535454 -0.000402002   0.00038846
frame_27
id: 2843
stamp: 1777955619.539388418
T_odom_lidar: 
   0.876298  -0.0222138    0.481258    0.111684
  0.0220924    0.999738  0.00591875   0.0487632
  -0.481263  0.00544556    0.876559 -0.00327088
          0           0           0           1
T_world_lidar: 
   0.876298  -0.0222138    0.481258    0.111684
  0.0220924    0.999738  0.00591875   0.0487632
  -0.481263  0.00544556    0.876559 -0.00327088
          0           0           0           1
v_world_imu: -0.000939121 -0.000901925  0.000135132
frame_28
id: 2844
stamp: 1777955619.639413595
T_odom_lidar: 
   0.876314    -0.02215     0.48123    0.111788
  0.0220361     0.99974  0.00588827   0.0486632
  -0.481236  0.00544449    0.876574 -0.00327569
          0           0           0           1
T_world_lidar: 
   0.876314    -0.02215     0.48123    0.111788
  0.0220361     0.99974  0.00588827   0.0486632
  -0.481236  0.00544449    0.876574 -0.00327569
          0           0           0           1
v_world_imu:   0.00378472 -0.000145515  -2.9835e-05
frame_29
id: 2845
stamp: 1777955619.739428997
T_odom_lidar: 
   0.876332  -0.0220826    0.481202    0.111901
   0.021938    0.999742  0.00592662   0.0486368
  -0.481208  0.00536291     0.87659 -0.00327952
          0           0           0           1
T_world_lidar: 
   0.876332  -0.0220826    0.481202    0.111901
   0.021938    0.999742  0.00592662   0.0486368
  -0.481208  0.00536291     0.87659 -0.00327952
          0           0           0           1
v_world_imu:   -0.0011857 -0.000875972 -0.000310245
frame_30
id: 2846
stamp: 1777955619.839391232
T_odom_lidar: 
   0.876296  -0.0222213     0.48126    0.111915
  0.0220198    0.999739  0.00606676   0.0485312
  -0.481269  0.00528094    0.876557 -0.00329827
          0           0           0           1
T_world_lidar: 
   0.876296  -0.0222213     0.48126    0.111915
  0.0220198    0.999739  0.00606676   0.0485312
  -0.481269  0.00528094    0.876557 -0.00329827
          0           0           0           1
v_world_imu:   0.00300287  -0.00118179 -0.000969223
frame_31
id: 2847
stamp: 1777955619.939322472
T_odom_lidar: 
   0.876355  -0.0218138    0.481171    0.110323
  0.0217621    0.999747  0.00568813   0.0485118
  -0.481174  0.00548648    0.876608 -0.00330408
          0           0           0           1
T_world_lidar: 
   0.876355  -0.0218138    0.481171    0.110323
  0.0217621    0.999747  0.00568813   0.0485118
  -0.481174  0.00548648    0.876608 -0.00330408
          0           0           0           1
v_world_imu:   -0.0275614 -0.000551955 -0.000653894
frame_32
id: 2848
stamp: 1777955620.039332390
T_odom_lidar: 
   0.874974  -0.0230615    0.483621    0.107702
  0.0229033    0.999718  0.00623455   0.0481494
  -0.483628  0.00562147    0.875255 -0.00329041
          0           0           0           1
T_world_lidar: 
   0.874974  -0.0230615    0.483621    0.107702
  0.0229033    0.999718  0.00623455   0.0481494
  -0.483628  0.00562147    0.875255 -0.00329041
          0           0           0           1
v_world_imu:  -0.0586458 -0.00664763  0.00268523
frame_33
id: 2849
stamp: 1777955620.139118433
T_odom_lidar: 
   0.878122  -0.0196767    0.478032   0.0960037
  0.0197196    0.999793  0.00492934   0.0485122
   -0.47803  0.00509805    0.878329 -0.00328332
          0           0           0           1
T_world_lidar: 
   0.878122  -0.0196767    0.478032   0.0960037
  0.0197196    0.999793  0.00492934   0.0485122
   -0.47803  0.00509805    0.878329 -0.00328332
          0           0           0           1
v_world_imu:  -0.00401817   -0.0105577 -0.000258811
frame_34
id: 2850
stamp: 1777955620.239191055
T_odom_lidar: 
   0.875506  -0.0216381    0.482723   0.0885551
  0.0218548    0.999748    0.005176    0.047473
  -0.482713  0.00601821    0.875758 -0.00314284
          0           0           0           1
T_world_lidar: 
   0.875506  -0.0216381    0.482723   0.0885551
  0.0218548    0.999748    0.005176    0.047473
  -0.482713  0.00601821    0.875758 -0.00314284
          0           0           0           1
v_world_imu:    -0.20566   0.0129711 1.53034e-05
frame_35
id: 2851
stamp: 1777955620.339353085
T_odom_lidar: 
   0.876495  -0.0194866    0.481017   0.0681044
   0.019884    0.999793   0.0042709   0.0476125
  -0.481001   0.0058211    0.876701 -0.00286258
          0           0           0           1
T_world_lidar: 
   0.876495  -0.0194866    0.481017   0.0681044
   0.019884    0.999793   0.0042709   0.0476125
  -0.481001   0.0058211    0.876701 -0.00286258
          0           0           0           1
v_world_imu:   -0.224075 -0.00479568 0.000816193
frame_36
id: 2852
stamp: 1777955620.439295769
T_odom_lidar: 
   0.875334  -0.0203195    0.483092   0.0498036
  0.0204631    0.999778  0.00497404   0.0468552
  -0.483086  0.00553161    0.875555 -0.00281711
          0           0           0           1
T_world_lidar: 
   0.875334  -0.0203195    0.483092   0.0498036
  0.0204631    0.999778  0.00497404   0.0468552
  -0.483086  0.00553161    0.875555 -0.00281711
          0           0           0           1
v_world_imu:   -0.213148 -0.00923058 -0.00113367
frame_37
id: 2853
stamp: 1777955620.539332390
T_odom_lidar: 
   0.876605  -0.0164976    0.480927   0.0266156
  0.0173439    0.999846  0.00268513   0.0471925
  -0.480897  0.00598736    0.876756 -0.00270665
          0           0           0           1
T_world_lidar: 
   0.876605  -0.0164976    0.480927   0.0266156
  0.0173439    0.999846  0.00268513   0.0471925
  -0.480897  0.00598736    0.876756 -0.00270665
          0           0           0           1
v_world_imu:   -0.199538 0.000658112  0.00185354
frame_38
id: 2854
stamp: 1777955620.638510227
T_odom_lidar: 
    0.87645  -0.0151199    0.481255  0.00414603
  0.0167284     0.99986  0.00094789   0.0453396
  -0.481201  0.00721984     0.87658 -0.00283352
          0           0           0           1
T_world_lidar: 
    0.87645  -0.0151199    0.481255  0.00414603
  0.0167284     0.99986  0.00094789   0.0453396
  -0.481201  0.00721984     0.87658 -0.00283352
          0           0           0           1
v_world_imu:   -0.236096 -0.00977934 -0.00168603
frame_39
id: 2855
stamp: 1777955620.739350080
T_odom_lidar: 
    0.876483   -0.0136039      0.48124   -0.0203949
   0.0156694     0.999877 -0.000273803    0.0439109
   -0.481177   0.00778073     0.876589  -0.00250408
           0            0            0            1
T_world_lidar: 
    0.876483   -0.0136039      0.48124   -0.0203949
   0.0156694     0.999877 -0.000273803    0.0439109
   -0.481177   0.00778073     0.876589  -0.00250408
           0            0            0            1
v_world_imu:  -0.253047 -0.0182995 0.00494637
frame_40
id: 2856
stamp: 1777955620.840496540
T_odom_lidar: 
   0.878036 -0.00915544    0.478508  -0.0431416
   0.012023    0.999923 -0.00292961   0.0431795
  -0.478444  0.00832538    0.878078 -0.00249496
          0           0           0           1
T_world_lidar: 
   0.878036 -0.00915544    0.478508  -0.0431416
   0.012023    0.999923 -0.00292961   0.0431795
  -0.478444  0.00832538    0.878078 -0.00249496
          0           0           0           1
v_world_imu:   -0.169216 -0.00202717 -0.00140096
frame_41
id: 2857
stamp: 1777955620.939349651
T_odom_lidar: 
   0.876992  -0.0083604    0.480432  -0.0533728
  0.0113652     0.99993 -0.00334561   0.0423253
  -0.480371  0.00839427    0.877025 -0.00254287
          0           0           0           1
T_world_lidar: 
   0.876992  -0.0083604    0.480432  -0.0533728
  0.0113652     0.99993 -0.00334561   0.0423253
  -0.480371  0.00839427    0.877025 -0.00254287
          0           0           0           1
v_world_imu:   -0.0814558  0.000561778 -0.000416677
frame_42
id: 2858
stamp: 1777955621.039490938
T_odom_lidar: 
   0.877025  -0.0099414    0.480341   -0.058182
  0.0132453    0.999906 -0.00348926    0.041812
  -0.480262  0.00942246    0.877075 -0.00252669
          0           0           0           1
T_world_lidar: 
   0.877025  -0.0099414    0.480341   -0.058182
  0.0132453    0.999906 -0.00348926    0.041812
  -0.480262  0.00942246    0.877075 -0.00252669
          0           0           0           1
v_world_imu:   -0.0243864  -0.00160144 -5.64088e-05
frame_43
id: 2859
stamp: 1777955621.139370203
T_odom_lidar: 
   0.876875 -0.00801947    0.480651  -0.0584108
   0.011354    0.999927 -0.00403019   0.0418692
  -0.480584  0.00899126    0.876903 -0.00252246
          0           0           0           1
T_world_lidar: 
   0.876875 -0.00801947    0.480651  -0.0584108
   0.011354    0.999927 -0.00403019   0.0418692
  -0.480584  0.00899126    0.876903 -0.00252246
          0           0           0           1
v_world_imu:   0.0248457  -0.0036873 0.000945745
frame_44
id: 2860
stamp: 1777955621.239324808
T_odom_lidar: 
   0.876028    -0.01034    0.482149  -0.0558766
  0.0137127      0.9999 -0.00347139   0.0418348
  -0.482065   0.0096526    0.876082 -0.00244247
          0           0           0           1
T_world_lidar: 
   0.876028    -0.01034    0.482149  -0.0558766
  0.0137127      0.9999 -0.00347139   0.0418348
  -0.482065   0.0096526    0.876082 -0.00244247
          0           0           0           1
v_world_imu: -0.00174114  0.00376609  0.00189855
frame_45
id: 2861
stamp: 1777955621.339247942
T_odom_lidar: 
   0.877003 -0.00951467    0.480392  -0.0580954
  0.0128181    0.999911 -0.00359639   0.0418594
  -0.480315  0.00931175    0.877047 -0.00221944
          0           0           0           1
T_world_lidar: 
   0.877003 -0.00951467    0.480392  -0.0580954
  0.0128181    0.999911 -0.00359639   0.0418594
  -0.480315  0.00931175    0.877047 -0.00221944
          0           0           0           1
v_world_imu: -0.00592061  -0.0016748   0.0039135
frame_46
id: 2862
stamp: 1777955621.439341068
T_odom_lidar: 
   0.876422 -0.00993057    0.481441  -0.0564798
  0.0131186    0.999909 -0.00325632   0.0418948
  -0.481365  0.00916973    0.876472  -0.0020591
          0           0           0           1
T_world_lidar: 
   0.876422 -0.00993057    0.481441  -0.0564798
  0.0131186    0.999909 -0.00325632   0.0418948
  -0.481365  0.00916973    0.876472  -0.0020591
          0           0           0           1
v_world_imu:   0.0224166 -0.00175868  0.00242031
frame_47
id: 2863
stamp: 1777955621.539342880
T_odom_lidar: 
   0.876828 -0.00924313    0.480715  -0.0572077
  0.0127491    0.999911 -0.00402825   0.0419631
  -0.480634  0.00966075    0.876868 -0.00186141
          0           0           0           1
T_world_lidar: 
   0.876828 -0.00924313    0.480715  -0.0572077
  0.0127491    0.999911 -0.00402825   0.0419631
  -0.480634  0.00966075    0.876868 -0.00186141
          0           0           0           1
v_world_imu:  -0.0115048 0.000625295   0.0025112
frame_48
id: 2864
stamp: 1777955621.639381409
T_odom_lidar: 
   0.876688  -0.0101389    0.480953  -0.0571079
  0.0133327    0.999906 -0.00322423    0.041805
  -0.480875  0.00923906    0.876741 -0.00173611
          0           0           0           1
T_world_lidar: 
   0.876688  -0.0101389    0.480953  -0.0571079
  0.0133327    0.999906 -0.00322423    0.041805
  -0.480875  0.00923906    0.876741 -0.00173611
          0           0           0           1
v_world_imu:  0.00765794 -0.00254424  0.00188097
frame_49
id: 2865
stamp: 1777955621.739269495
T_odom_lidar: 
   0.876604 -0.00928606    0.481122  -0.0570203
  0.0126958    0.999912 -0.00383261   0.0420456
  -0.481044  0.00946791    0.876645 -0.00176038
          0           0           0           1
T_world_lidar: 
   0.876604 -0.00928606    0.481122  -0.0570203
  0.0126958    0.999912 -0.00383261   0.0420456
  -0.481044  0.00946791    0.876645 -0.00176038
          0           0           0           1
v_world_imu: -0.00419146  0.00465278  0.00186037
frame_50
id: 2866
stamp: 1777955621.839180231
T_odom_lidar: 
    0.87667 -0.00982576    0.480992  -0.0571725
  0.0132171    0.999906 -0.00366372   0.0419847
  -0.480911  0.00956921    0.876717 -0.00166289
          0           0           0           1
T_world_lidar: 
    0.87667 -0.00982576    0.480992  -0.0571725
  0.0132171    0.999906 -0.00366372   0.0419847
  -0.480911  0.00956921    0.876717 -0.00166289
          0           0           0           1
v_world_imu: 0.000128633 -0.00206917 0.000792461
frame_51
id: 2867
stamp: 1777955621.938332796
T_odom_lidar: 
   0.876682 -0.00988179    0.480969  -0.0572941
  0.0132384    0.999906 -0.00358646   0.0419357
  -0.480888  0.00951143     0.87673 -0.00163646
          0           0           0           1
T_world_lidar: 
   0.876682 -0.00988179    0.480969  -0.0572941
  0.0132384    0.999906 -0.00358646   0.0419357
  -0.480888  0.00951143     0.87673 -0.00163646
          0           0           0           1
v_world_imu: -0.00509027 0.000451472  0.00124069
frame_52
id: 2868
stamp: 1777955622.039324284
T_odom_lidar: 
    0.87654 -0.00944757    0.481236  -0.0570933
  0.0128556     0.99991 -0.00378558   0.0420565
  -0.481157  0.00950481    0.876583 -0.00157401
          0           0           0           1
T_world_lidar: 
    0.87654 -0.00944757    0.481236  -0.0570933
  0.0128556     0.99991 -0.00378558   0.0420565
  -0.481157  0.00950481    0.876583 -0.00157401
          0           0           0           1
v_world_imu:  0.00551141 1.00093e-05  0.00115689
frame_53
id: 2869
stamp: 1777955622.139377594
T_odom_lidar: 
   0.876677   -0.010048    0.480974  -0.0573925
  0.0133551    0.999905 -0.00345343   0.0420031
  -0.480893  0.00945098    0.876728 -0.00151932
          0           0           0           1
T_world_lidar: 
   0.876677   -0.010048    0.480974  -0.0573925
  0.0133551    0.999905 -0.00345343   0.0420031
  -0.480893  0.00945098    0.876728 -0.00151932
          0           0           0           1
v_world_imu: -0.00833586 -0.00090398  0.00124027
frame_54
id: 2870
stamp: 1777955622.239486933
T_odom_lidar: 
   0.876621  -0.0095172    0.481087  -0.0574114
  0.0128837     0.99991 -0.00369529   0.0421372
  -0.481008  0.00943753    0.876665 -0.00156644
          0           0           0           1
T_world_lidar: 
   0.876621  -0.0095172    0.481087  -0.0574114
  0.0128837     0.99991 -0.00369529   0.0421372
  -0.481008  0.00943753    0.876665 -0.00156644
          0           0           0           1
v_world_imu:   0.00735542 -0.000437271   0.00123513
frame_55
id: 2871
stamp: 1777955622.339275599
T_odom_lidar: 
   0.876502 -0.00966257    0.481301  -0.0572632
  0.0130435    0.999908 -0.00367948   0.0420962
  -0.481222  0.00950291    0.876547 -0.00141113
          0           0           0           1
T_world_lidar: 
   0.876502 -0.00966257    0.481301  -0.0572632
  0.0130435    0.999908 -0.00367948   0.0420962
  -0.481222  0.00950291    0.876547 -0.00141113
          0           0           0           1
v_world_imu:  -0.00571549 -0.000835205  0.000666544
frame_56
id: 2872
stamp: 1777955622.439174414
T_odom_lidar: 
    0.87667 -0.00977709    0.480992  -0.0576895
   0.013142    0.999907 -0.00362796   0.0420751
  -0.480912  0.00950173    0.876717 -0.00147226
          0           0           0           1
T_world_lidar: 
    0.87667 -0.00977709    0.480992  -0.0576895
   0.013142    0.999907 -0.00362796   0.0420751
  -0.480912  0.00950173    0.876717 -0.00147226
          0           0           0           1
v_world_imu:  0.00241268 -0.00118826 0.000609683
frame_57
id: 2873
stamp: 1777955622.539445639
T_odom_lidar: 
   0.876471 -0.00951396     0.48136   -0.057357
  0.0129609    0.999909 -0.00383658   0.0421218
   -0.48128  0.00960152    0.876515 -0.00166254
          0           0           0           1
T_world_lidar: 
   0.876471 -0.00951396     0.48136   -0.057357
  0.0129609    0.999909 -0.00383658   0.0421218
   -0.48128  0.00960152    0.876515 -0.00166254
          0           0           0           1
v_world_imu:   -0.001691 -0.00026795 0.000275266
frame_58
id: 2874
stamp: 1777955622.639426470
T_odom_lidar: 
   0.876609 -0.00954653    0.481108  -0.0576565
  0.0129463    0.999909 -0.00374795   0.0421498
  -0.481029  0.00951405    0.876653 -0.00213058
          0           0           0           1
T_world_lidar: 
   0.876609 -0.00954653    0.481108  -0.0576565
  0.0129463    0.999909 -0.00374795   0.0421498
  -0.481029  0.00951405    0.876653 -0.00213058
          0           0           0           1
v_world_imu: -0.00123431 -0.00165017 0.000620256
frame_59
id: 2875
stamp: 1777955622.739425898
T_odom_lidar: 
   0.876608 -0.00964974    0.481109  -0.0575502
  0.0130341    0.999908 -0.00369333    0.042015
  -0.481029  0.00950841    0.876653 -0.00198555
          0           0           0           1
T_world_lidar: 
   0.876608 -0.00964974    0.481109  -0.0575502
  0.0130341    0.999908 -0.00369333    0.042015
  -0.481029  0.00950841    0.876653 -0.00198555
          0           0           0           1
v_world_imu:  0.000441729 -0.000757911  0.000540534
frame_60
id: 2876
stamp: 1777955622.839381695
T_odom_lidar: 
   0.876609 -0.00927286    0.481115   -0.057445
  0.0127113    0.999912 -0.00388855   0.0420791
  -0.481036  0.00952435    0.876649 -0.00359698
          0           0           0           1
T_world_lidar: 
   0.876609 -0.00927286    0.481115   -0.057445
  0.0127113    0.999912 -0.00388855   0.0420791
  -0.481036  0.00952435    0.876649 -0.00359698
          0           0           0           1
v_world_imu: -0.000759741 -0.000830723  -0.00172715
frame_61
id: 2877
stamp: 1777955622.939375162
T_odom_lidar: 
   0.876646 -0.00961846     0.48104   -0.057519
  0.0129707    0.999909 -0.00364447   0.0419816
  -0.480962  0.00943435    0.876691 -0.00366513
          0           0           0           1
T_world_lidar: 
   0.876646 -0.00961846     0.48104   -0.057519
  0.0129707    0.999909 -0.00364447   0.0419816
  -0.480962  0.00943435    0.876691 -0.00366513
          0           0           0           1
v_world_imu:  -0.00168596 -0.000722083   -0.0016434
frame_62
id: 2878
stamp: 1777955623.039342403
T_odom_lidar: 
   0.876594 -0.00938392     0.48114  -0.0574372
  0.0128044    0.999911 -0.00382663   0.0419802
  -0.481061  0.00951509    0.876635 -0.00372887
          0           0           0           1
T_world_lidar: 
   0.876594 -0.00938392     0.48114  -0.0574372
  0.0128044    0.999911 -0.00382663   0.0419802
  -0.481061  0.00951509    0.876635 -0.00372887
          0           0           0           1
v_world_imu:   0.00203913 -0.000417938  -0.00159842
frame_63
id: 2879
stamp: 1777955623.139624596
T_odom_lidar: 
   0.876589 -0.00949886    0.481146   -0.057389
  0.0128425    0.999911 -0.00365699   0.0419273
  -0.481068  0.00938477    0.876633 -0.00379593
          0           0           0           1
T_world_lidar: 
   0.876589 -0.00949886    0.481146   -0.057389
  0.0128425    0.999911 -0.00365699   0.0419273
  -0.481068  0.00938477    0.876633 -0.00379593
          0           0           0           1
v_world_imu:   -0.0029456 -0.000738927  -0.00122994
frame_64
id: 2880
stamp: 1777955623.239292860
T_odom_lidar: 
   0.876628 -0.00956453    0.481073  -0.0575203
  0.0129058     0.99991 -0.00363748   0.0418931
  -0.480995  0.00939734    0.876673 -0.00385503
          0           0           0           1
T_world_lidar: 
   0.876628 -0.00956453    0.481073  -0.0575203
  0.0129058     0.99991 -0.00363748   0.0418931
  -0.480995  0.00939734    0.876673 -0.00385503
          0           0           0           1
v_world_imu:   0.00190096 -4.50214e-05 -0.000766226
frame_65
id: 2881
stamp: 1777955623.338369608
T_odom_lidar: 
   0.876573 -0.00945809    0.481176  -0.0573777
  0.0128158    0.999911 -0.00369241    0.041891
  -0.481098   0.0094033    0.876616 -0.00392935
          0           0           0           1
T_world_lidar: 
   0.876573 -0.00945809    0.481176  -0.0573777
  0.0128158    0.999911 -0.00369241    0.041891
  -0.481098   0.0094033    0.876616 -0.00392935
          0           0           0           1
v_world_imu:  -0.00074188  6.94393e-05 -0.000317421
frame_66
id: 2882
stamp: 1777955623.439408779
T_odom_lidar: 
   0.876619 -0.00959445     0.48109  -0.0575935
  0.0129458     0.99991 -0.00364792   0.0418692
  -0.481011  0.00942594    0.876664 -0.00398911
          0           0           0           1
T_world_lidar: 
   0.876619 -0.00959445     0.48109  -0.0575935
  0.0129458     0.99991 -0.00364792   0.0418692
  -0.481011  0.00942594    0.876664 -0.00398911
          0           0           0           1
v_world_imu: -0.000311494 -0.000227174 -0.000175114
frame_67
id: 2883
stamp: 1777955623.539355993
T_odom_lidar: 
   0.876582 -0.00951652    0.481159  -0.0575336
  0.0129128     0.99991 -0.00374813   0.0418541
  -0.481079  0.00949863    0.876626 -0.00407609
          0           0           0           1
T_world_lidar: 
   0.876582 -0.00951652    0.481159  -0.0575336
  0.0129128     0.99991 -0.00374813   0.0418541
  -0.481079  0.00949863    0.876626 -0.00407609
          0           0           0           1
v_world_imu:  0.00115991 0.000763821 0.000316094
frame_68
id: 2884
stamp: 1777955623.639266014
T_odom_lidar: 
   0.876613 -0.00946121    0.481103   -0.057629
  0.0128891     0.99991 -0.00382114   0.0418888
  -0.481023  0.00955062    0.876656 -0.00414961
          0           0           0           1
T_world_lidar: 
   0.876613 -0.00946121    0.481103   -0.057629
  0.0128891     0.99991 -0.00382114   0.0418888
  -0.481023  0.00955062    0.876656 -0.00414961
          0           0           0           1
v_world_imu: -0.00083538 0.000243208 0.000443379
frame_69
id: 2885
stamp: 1777955623.739306688
T_odom_lidar: 
   0.876635 -0.00957298    0.481061   -0.057738
   0.012984    0.999909 -0.00376274   0.0418519
  -0.480981  0.00954463    0.876679 -0.00422108
          0           0           0           1
T_world_lidar: 
   0.876635 -0.00957298    0.481061   -0.057738
   0.012984    0.999909 -0.00376274   0.0418519
  -0.480981  0.00954463    0.876679 -0.00422108
          0           0           0           1
v_world_imu: 0.000237162 0.000150002 0.000512262
frame_70
id: 2886
stamp: 1777955623.839354753
T_odom_lidar: 
     0.8766 -0.00946738    0.481126  -0.0577256
  0.0128975     0.99991 -0.00382322   0.0418326
  -0.481046  0.00955677    0.876643 -0.00430122
          0           0           0           1
T_world_lidar: 
     0.8766 -0.00946738    0.481126  -0.0577256
  0.0128975     0.99991 -0.00382322   0.0418326
  -0.481046  0.00955677    0.876643 -0.00430122
          0           0           0           1
v_world_imu: 0.000442905 2.99842e-05 0.000418366
frame_71
id: 2887
stamp: 1777955623.939400673
T_odom_lidar: 
    0.87664 -0.00952648    0.481052  -0.0578468
  0.0129415    0.999909 -0.00378213   0.0417742
  -0.480972  0.00954109    0.876684 -0.00438206
          0           0           0           1
T_world_lidar: 
    0.87664 -0.00952648    0.481052  -0.0578468
  0.0129415    0.999909 -0.00378213   0.0417742
  -0.480972  0.00954109    0.876684 -0.00438206
          0           0           0           1
v_world_imu:  -0.00148288 -0.000320362  0.000281825
frame_72
id: 2888
stamp: 1777955624.039419413
T_odom_lidar: 
   0.876653 -0.00948458    0.481031  -0.0579316
  0.0128997     0.99991 -0.00379358   0.0417336
  -0.480951   0.0095308    0.876696 -0.00444055
          0           0           0           1
T_world_lidar: 
   0.876653 -0.00948458    0.481031  -0.0579316
  0.0128997     0.99991 -0.00379358   0.0417336
  -0.480951   0.0095308    0.876696 -0.00444055
          0           0           0           1
v_world_imu:  0.000424389  0.000175232 -2.53832e-05
frame_73
id: 2889
stamp: 1777955624.139354944
T_odom_lidar: 
   0.876613 -0.00946088    0.481102  -0.0580075
  0.0128931     0.99991 -0.00382921   0.0417157
  -0.481022  0.00955964    0.876656 -0.00449488
          0           0           0           1
T_world_lidar: 
   0.876613 -0.00946088    0.481102  -0.0580075
  0.0128931     0.99991 -0.00382921   0.0417157
  -0.481022  0.00955964    0.876656 -0.00449488
          0           0           0           1
v_world_imu:  -0.00204926 -0.000167177  0.000351109
frame_74
id: 2890
stamp: 1777955624.239275694
T_odom_lidar: 
   0.876648 -0.00949488    0.481038  -0.0582088
  0.0128803     0.99991 -0.00373658   0.0416909
   -0.48096  0.00947157    0.876692 -0.00447545
          0           0           0           1
T_world_lidar: 
   0.876648 -0.00949488    0.481038  -0.0582088
  0.0128803     0.99991 -0.00373658   0.0416909
   -0.48096  0.00947157    0.876692 -0.00447545
          0           0           0           1
v_world_imu: -0.000987657  0.000216285  0.000408659
frame_75
id: 2891
stamp: 1777955624.339205980
T_odom_lidar: 
   0.876579 -0.00946303    0.481165  -0.0582722
  0.0129243    0.999909 -0.00388016   0.0417319
  -0.481085  0.00961999    0.876621 -0.00446609
          0           0           0           1
T_world_lidar: 
   0.876579 -0.00946303    0.481165  -0.0582722
  0.0129243    0.999909 -0.00388016   0.0417319
  -0.481085  0.00961999    0.876621 -0.00446609
          0           0           0           1
v_world_imu:   -0.0008156  0.000416537 -0.000287294
frame_76
id: 2892
stamp: 1777955624.439503431
T_odom_lidar: 
   0.876585 -0.00941999    0.481155  -0.0584163
  0.0128829    0.999909 -0.00389444   0.0417218
  -0.481075  0.00961249    0.876627 -0.00448061
          0           0           0           1
T_world_lidar: 
