id: 6
T_world_origin: 
   0.869126     0.12899    0.477474   -0.182476
  -0.109794    0.991623  -0.0680348    0.306597
  -0.482251  0.00670684    0.876008 -0.00278775
          0           0           0           1
T_origin_endpoint_L: 
   0.999328  -0.0365503  0.00262657 -0.00578486
   0.036496    0.999165   0.0183803   0.0070977
-0.00329619  -0.0182721    0.999828 -0.00326319
          0           0           0           1
T_origin_endpoint_R: 
   0.970148    0.241512  -0.0220306  -0.0164743
   -0.24221    0.960372   -0.137913  -0.0599826
 -0.0121501    0.139132    0.990199 -0.00672697
          0           0           0           1
T_lidar_imu: 
     1      0      0  0.006
     0      1      0 -0.012
     0      0      1  0.008
     0      0      0      1
imu_bias:  0.00494351 0.000303347 -0.00895803 -0.00527254 -0.00114508  0.00147578
frame_id: 2
num_frames: 26
frame_0
id: 3655
stamp: 1777955700.838310480
T_odom_lidar: 
   0.870995   0.0873463    0.483465   -0.195982
 -0.0718714    0.996135  -0.0504878    0.326122
  -0.486006  0.00922725    0.873906 -0.00588416
          0           0           0           1
T_world_lidar: 
   0.870995   0.0873463    0.483465   -0.195982
 -0.0718714    0.996135  -0.0504878    0.326122
  -0.486006  0.00922725    0.873906 -0.00588416
          0           0           0           1
v_world_imu:   -0.030814 -0.00783815 -0.00100375
frame_1
id: 3656
stamp: 1777955700.938691854
T_odom_lidar: 
   0.872246   0.0915182    0.480428   -0.199356
 -0.0759015    0.995765  -0.0518826    0.326773
  -0.483142  0.00878914    0.875498 -0.00590437
          0           0           0           1
T_world_lidar: 
   0.872246   0.0915182    0.480428   -0.199356
 -0.0759015    0.995765  -0.0518826    0.326773
  -0.483142  0.00878914    0.875498 -0.00590437
          0           0           0           1
v_world_imu:  -0.0177207 -0.00304803 -0.00032597
frame_2
id: 3657
stamp: 1777955701.038553238
T_odom_lidar: 
   0.872102   0.0899173    0.480992   -0.197911
 -0.0743696    0.995909  -0.0513345    0.326445
   -0.48364  0.00899778    0.875221 -0.00596949
          0           0           0           1
T_world_lidar: 
   0.872102   0.0899173    0.480992   -0.197911
 -0.0743696    0.995909  -0.0513345    0.326445
   -0.48364  0.00899778    0.875221 -0.00596949
          0           0           0           1
v_world_imu:    0.044783   0.0071985 -0.00145614
frame_3
id: 3658
stamp: 1777955701.137982607
T_odom_lidar: 
  0.871337  0.0891368   0.482522  -0.195691
-0.0734479   0.995976 -0.0513558   0.326106
 -0.485158 0.00930806   0.874377 -0.0060336
         0          0          0          1
T_world_lidar: 
  0.871337  0.0891368   0.482522  -0.195691
-0.0734479   0.995976 -0.0513558   0.326106
 -0.485158 0.00930806   0.874377 -0.0060336
         0          0          0          1
v_world_imu: -0.0318272  0.0150943 0.00167131
frame_4
id: 3659
stamp: 1777955701.238442183
T_odom_lidar: 
   0.872248   0.0916061    0.480408    -0.19788
 -0.0759976    0.995757  -0.0518907    0.326645
  -0.483123  0.00875171    0.875509 -0.00604214
          0           0           0           1
T_world_lidar: 
   0.872248   0.0916061    0.480408    -0.19788
 -0.0759976    0.995757  -0.0518907    0.326645
  -0.483123  0.00875171    0.875509 -0.00604214
          0           0           0           1
v_world_imu:   0.0247042 -0.00817847 0.000610994
frame_5
id: 3660
stamp: 1777955701.338724136
T_odom_lidar: 
   0.871867    0.089407    0.481512   -0.195699
 -0.0737944    0.995953  -0.0513096    0.326022
  -0.484151  0.00920225    0.874936 -0.00613198
          0           0           0           1
T_world_lidar: 
   0.871867    0.089407    0.481512   -0.195699
 -0.0737944    0.995953  -0.0513096    0.326022
  -0.484151  0.00920225    0.874936 -0.00613198
          0           0           0           1
v_world_imu:   0.0147032 -0.00684858   0.0013524
frame_6
id: 3661
stamp: 1777955701.438603640
T_odom_lidar: 
   0.872335   0.0912105    0.480325   -0.196795
 -0.0756167    0.995792  -0.0517641    0.326255
  -0.483026  0.00883502    0.875562 -0.00613057
          0           0           0           1
T_world_lidar: 
   0.872335   0.0912105    0.480325   -0.196795
 -0.0756167    0.995792  -0.0517641    0.326255
  -0.483026  0.00883502    0.875562 -0.00613057
          0           0           0           1
v_world_imu: -0.00267452 -0.00379138  0.00141762
frame_7
id: 3662
stamp: 1777955701.538616180
T_odom_lidar: 
    0.87222   0.0898822    0.480784    -0.19597
 -0.0744871    0.995914  -0.0510537     0.32592
  -0.483408  0.00871786    0.875352 -0.00619559
          0           0           0           1
T_world_lidar: 
    0.87222   0.0898822    0.480784    -0.19597
 -0.0744871    0.995914  -0.0510537     0.32592
  -0.483408  0.00871786    0.875352 -0.00619559
          0           0           0           1
v_world_imu:    0.0144908  -0.00377489 -4.39684e-05
frame_8
id: 3663
stamp: 1777955701.638424397
T_odom_lidar: 
  0.872393  0.0905526   0.480345  -0.196274
-0.0750628   0.995853 -0.0514064   0.325901
 -0.483008 0.00879055   0.875572 -0.0061975
         0          0          0          1
T_world_lidar: 
  0.872393  0.0905526   0.480345  -0.196274
-0.0750628   0.995853 -0.0514064   0.325901
 -0.483008 0.00879055   0.875572 -0.0061975
         0          0          0          1
v_world_imu:  -0.0154247  0.00211251 0.000832668
frame_9
id: 3664
stamp: 1777955701.738353014
T_odom_lidar: 
     0.8723   0.0902337    0.480573   -0.196077
 -0.0748145    0.995883   -0.051192    0.325563
  -0.483214  0.00870093    0.875459 -0.00617539
          0           0           0           1
T_world_lidar: 
     0.8723   0.0902337    0.480573   -0.196077
 -0.0748145    0.995883   -0.051192    0.325563
  -0.483214  0.00870093    0.875459 -0.00617539
          0           0           0           1
v_world_imu:  0.00336812 -0.00391578 0.000240436
frame_10
id: 3665
stamp: 1777955701.838433027
T_odom_lidar: 
   0.872646    0.092349    0.479542   -0.196014
 -0.0768114     0.99569  -0.0519701    0.325172
  -0.482274  0.00851721    0.875979 -0.00617972
          0           0           0           1
T_world_lidar: 
   0.872646    0.092349    0.479542   -0.196014
 -0.0768114     0.99569  -0.0519701    0.325172
  -0.482274  0.00851721    0.875979 -0.00617972
          0           0           0           1
v_world_imu: -0.000483247   -0.0107287  -0.00778449
frame_11
id: 3666
stamp: 1777955701.938623428
T_odom_lidar: 
    0.87206    0.101587    0.478739   -0.193984
 -0.0849751    0.994791   -0.056303    0.323115
  -0.481965  0.00841873     0.87615 -0.00619136
          0           0           0           1
T_world_lidar: 
    0.87206    0.101587    0.478739   -0.193984
 -0.0849751    0.994791   -0.056303    0.323115
  -0.481965  0.00841873     0.87615 -0.00619136
          0           0           0           1
v_world_imu: 0.00986455 -0.0215717 0.00316084
frame_12
id: 3667
stamp: 1777955702.038423061
T_odom_lidar: 
  0.868489   0.115888   0.481972  -0.188632
-0.0975951   0.993233 -0.0629568   0.320109
 -0.486006 0.00763916   0.873922 -0.0060092
         0          0          0          1
T_world_lidar: 
  0.868489   0.115888   0.481972  -0.188632
-0.0975951   0.993233 -0.0629568   0.320109
 -0.486006 0.00763916   0.873922 -0.0060092
         0          0          0          1
v_world_imu:  0.00100099   -0.033378 0.000149976
frame_13
id: 3668
stamp: 1777955702.138895988
T_odom_lidar: 
   0.868487    0.127947    0.478915   -0.189765
  -0.108365    0.991752  -0.0684437    0.318542
  -0.483722  0.00754496    0.875189 -0.00592423
          0           0           0           1
T_world_lidar: 
   0.868487    0.127947    0.478915   -0.189765
  -0.108365    0.991752  -0.0684437    0.318542
  -0.483722  0.00754496    0.875189 -0.00592423
          0           0           0           1
v_world_imu:   0.0477651   -0.032121 0.000246636
frame_14
id: 3669
stamp: 1777955702.239389181
T_odom_lidar: 
    0.86808    0.136215    0.477371   -0.190591
  -0.115572    0.990649  -0.0725129    0.316493
  -0.482785  0.00777633    0.875705 -0.00580381
          0           0           0           1
T_world_lidar: 
    0.86808    0.136215    0.477371   -0.190591
  -0.115572    0.990649  -0.0725129    0.316493
  -0.482785  0.00777633    0.875705 -0.00580381
          0           0           0           1
v_world_imu:  -0.0151456  -0.0278668 0.000921515
frame_15
id: 3670
stamp: 1777955702.338626385
T_odom_lidar: 
   0.864611    0.158278     0.47686   -0.190411
  -0.134667    0.987362  -0.0835545    0.312367
  -0.484059  0.00802503    0.874999 -0.00558788
          0           0           0           1
T_world_lidar: 
   0.864611    0.158278     0.47686   -0.190411
  -0.134667    0.987362  -0.0835545    0.312367
  -0.484059  0.00802503    0.874999 -0.00558788
          0           0           0           1
v_world_imu:   -0.0382312   -0.0344787 -0.000745544
frame_16
id: 3671
stamp: 1777955702.440312862
T_odom_lidar: 
   0.859734    0.188603    0.474644   -0.190717
  -0.160911    0.982017  -0.0987481    0.307272
  -0.484733  0.00852155    0.874621 -0.00528004
          0           0           0           1
T_world_lidar: 
   0.859734    0.188603    0.474644   -0.190717
  -0.160911    0.982017  -0.0987481    0.307272
  -0.484733  0.00852155    0.874621 -0.00528004
          0           0           0           1
v_world_imu:   -0.03142 -0.0502655 0.00163777
frame_17
id: 3672
stamp: 1777955702.538400650
T_odom_lidar: 
  0.854443   0.219463   0.470918  -0.192476
 -0.187961   0.975583  -0.113613   0.300417
 -0.484354 0.00856206    0.87483 -0.0050629
         0          0          0          1
T_world_lidar: 
  0.854443   0.219463   0.470918  -0.192476
 -0.187961   0.975583  -0.113613   0.300417
 -0.484354 0.00856206    0.87483 -0.0050629
         0          0          0          1
v_world_imu: -0.0112289  -0.063439 0.00021237
frame_18
id: 3673
stamp: 1777955702.638547421
T_odom_lidar: 
   0.847786     0.25458     0.46524   -0.194942
  -0.218643    0.967009   -0.130725    0.293588
  -0.483171   0.0091053    0.875479 -0.00492909
          0           0           0           1
T_world_lidar: 
   0.847786     0.25458     0.46524   -0.194942
  -0.218643    0.967009   -0.130725    0.293588
  -0.483171   0.0091053    0.875479 -0.00492909
          0           0           0           1
v_world_imu: -0.0097252 -0.0752107 0.00257382
frame_19
id: 3674
stamp: 1777955702.738807917
T_odom_lidar: 
   0.838898    0.292168    0.459226   -0.197089
    -0.2516    0.956322   -0.148815    0.286681
  -0.482646  0.00929898    0.875766 -0.00483911
          0           0           0           1
T_world_lidar: 
   0.838898    0.292168    0.459226   -0.197089
    -0.2516    0.956322   -0.148815    0.286681
  -0.482646  0.00929898    0.875766 -0.00483911
          0           0           0           1
v_world_imu: -0.0222182 -0.0527116 0.00157975
frame_20
id: 3675
stamp: 1777955702.838632345
T_odom_lidar: 
   0.832375    0.316422    0.455005   -0.199633
  -0.272757     0.94857   -0.160684    0.282284
  -0.482448  0.00964357    0.875872 -0.00469151
          0           0           0           1
T_world_lidar: 
   0.832375    0.316422    0.455005   -0.199633
  -0.272757     0.94857   -0.160684    0.282284
  -0.482448  0.00964357    0.875872 -0.00469151
          0           0           0           1
v_world_imu:  -0.0400105  -0.0594689 0.000951563
frame_21
id: 3676
stamp: 1777955702.938591480
T_odom_lidar: 
  0.826893   0.334006   0.452424  -0.201407
 -0.288003    0.94252  -0.169442   0.277545
 -0.483014 0.00981069   0.875558 -0.0046941
         0          0          0          1
T_world_lidar: 
  0.826893   0.334006   0.452424  -0.201407
 -0.288003    0.94252  -0.169442   0.277545
 -0.483014 0.00981069   0.875558 -0.0046941
         0          0          0          1
v_world_imu:  -0.0327884  -0.0529919 0.000169609
frame_22
id: 3677
stamp: 1777955703.038650751
T_odom_lidar: 
   0.818866    0.358981    0.447873   -0.203614
  -0.309941    0.933294   -0.181379    0.272285
  -0.483109  0.00971095    0.875506 -0.00454757
          0           0           0           1
T_world_lidar: 
   0.818866    0.358981    0.447873   -0.203614
  -0.309941    0.933294   -0.181379    0.272285
  -0.483109  0.00971095    0.875506 -0.00454757
          0           0           0           1
v_world_imu:  -0.0209913  -0.0257833 0.000524175
frame_23
id: 3678
stamp: 1777955703.138900042
T_odom_lidar: 
   0.813065    0.376236    0.444266   -0.205447
  -0.324786    0.926466   -0.190197    0.268862
  -0.483156   0.0103516    0.875473 -0.00453212
          0           0           0           1
T_world_lidar: 
   0.813065    0.376236    0.444266   -0.205447
  -0.324786    0.926466   -0.190197    0.268862
  -0.483156   0.0103516    0.875473 -0.00453212
          0           0           0           1
v_world_imu:   -0.0354259   -0.0377491 -0.000681784
frame_24
id: 3679
stamp: 1777955703.238333702
T_odom_lidar: 
   0.808744     0.38881    0.441316   -0.208292
   -0.33584    0.921258   -0.196199    0.265303
  -0.482851   0.0104629     0.87564 -0.00439873
          0           0           0           1
T_world_lidar: 
   0.808744     0.38881    0.441316   -0.208292
   -0.33584    0.921258   -0.196199    0.265303
  -0.482851   0.0104629     0.87564 -0.00439873
          0           0           0           1
v_world_imu:  -0.018109 -0.0292663 0.00110268
frame_25
id: 3680
stamp: 1777955703.338617086
T_odom_lidar: 
   0.805752    0.399259    0.437442   -0.211005
   -0.34451    0.916757   -0.202161    0.262887
  -0.481743   0.0121886    0.876228 -0.00425966
          0           0           0           1
T_world_lidar: 
   0.805752    0.399259    0.437442   -0.211005
   -0.34451    0.916757   -0.202161    0.262887
  -0.481743   0.0121886    0.876228 -0.00425966
          0           0           0           1
v_world_imu: -0.0397639  0.0541084 0.00138231
