id: 5
T_world_origin: 
  0.950285    0.29356  -0.103832    3.49374
 -0.289287   0.955695  0.0543988   0.260829
  0.115201 -0.0216571   0.993106  0.0187779
         0          0          0          1
T_origin_endpoint_L: 
   0.995792   0.0914434 -0.00600221    0.707528
 -0.0913824    0.995768  0.00975299    0.212716
 0.00686865 -0.00916345    0.999934  -0.0791556
          0           0           0           1
T_origin_endpoint_R: 
   0.941103   -0.338074 -0.00559089    -1.50711
   0.337775     0.94076  -0.0296385    -0.82672
  0.0152797   0.0260044    0.999545    0.150867
          0           0           0           1
T_lidar_imu: 
     1      0      0  0.006
     0      1      0 -0.012
     0      0      1  0.008
     0      0      0      1
imu_bias: -6.51695e-05 -0.000544395  -0.00465873 -0.000155335 -0.000488343   0.00156358
frame_id: 2
num_frames: 157
frame_0
id: 787
stamp: 1777101557.562408447
T_odom_lidar: 
  0.918747   0.380166  -0.106666    4.23665
  -0.37503   0.924699  0.0654525   0.267959
  0.123517 -0.0201314   0.992138 0.00814937
         0          0          0          1
T_world_lidar: 
  0.918747   0.380166  -0.106666    4.23665
  -0.37503   0.924699  0.0654525   0.267959
  0.123517 -0.0201314   0.992138 0.00814937
         0          0          0          1
v_world_imu:  0.0568155  0.0259755 0.00129101
frame_1
id: 788
stamp: 1777101557.662204266
T_odom_lidar: 
  0.929473   0.352486  -0.108785    4.23736
 -0.347562   0.935608   0.061959   0.273985
   0.12362 -0.0197797   0.992133 0.00836174
         0          0          0          1
T_world_lidar: 
  0.929473   0.352486  -0.108785    4.23736
 -0.347562   0.935608   0.061959   0.273985
   0.12362 -0.0197797   0.992133 0.00836174
         0          0          0          1
v_world_imu: -0.00233211    0.114172 -0.00478462
frame_2
id: 789
stamp: 1777101557.762382984
T_odom_lidar: 
  0.939953   0.322311  -0.112272     4.2366
 -0.317356   0.946406  0.0600053   0.283531
  0.125595  -0.020772   0.991864 0.00849057
         0          0          0          1
T_world_lidar: 
  0.939953   0.322311  -0.112272     4.2366
 -0.317356   0.946406  0.0600053   0.283531
  0.125595  -0.020772   0.991864 0.00849057
         0          0          0          1
v_world_imu:    0.0261841    0.0880316 -0.000703709
frame_3
id: 790
stamp: 1777101557.862353802
T_odom_lidar: 
  0.949621   0.292062  -0.113665    4.23886
  -0.28729   0.956165  0.0566856   0.291322
  0.125238 -0.0211751   0.991901 0.00832649
         0          0          0          1
T_world_lidar: 
  0.949621   0.292062  -0.113665    4.23886
  -0.28729   0.956165  0.0566856   0.291322
  0.125238 -0.0211751   0.991901 0.00832649
         0          0          0          1
v_world_imu:  0.0141059  0.0830371 0.00140059
frame_4
id: 791
stamp: 1777101557.962440014
T_odom_lidar: 
  0.958641   0.259801  -0.116233    4.23792
 -0.255094    0.96541  0.0539527   0.300068
  0.126229  -0.022071   0.991756 0.00874529
         0          0          0          1
T_world_lidar: 
  0.958641   0.259801  -0.116233    4.23792
 -0.255094    0.96541  0.0539527   0.300068
  0.126229  -0.022071   0.991756 0.00874529
         0          0          0          1
v_world_imu: -0.0123784  0.0861996 0.00476147
frame_5
id: 792
stamp: 1777101558.062416315
T_odom_lidar: 
 0.966832  0.226338 -0.118354   4.23819
-0.221824  0.973794 0.0501894   0.30865
 0.126612 -0.022271  0.991702 0.0088747
        0         0         0         1
T_world_lidar: 
 0.966832  0.226338 -0.118354   4.23819
-0.221824  0.973794 0.0501894   0.30865
 0.126612 -0.022271  0.991702 0.0088747
        0         0         0         1
v_world_imu:   0.0118286   0.0904458 -0.00103643
frame_6
id: 793
stamp: 1777101558.162267685
T_odom_lidar: 
  0.973803   0.193744  -0.119041     4.2384
 -0.189556   0.980808  0.0456616   0.316186
  0.125603 -0.0219005   0.991839 0.00909653
         0          0          0          1
T_world_lidar: 
  0.973803   0.193744  -0.119041     4.2384
 -0.189556   0.980808  0.0456616   0.316186
  0.125603 -0.0219005   0.991839 0.00909653
         0          0          0          1
v_world_imu: -0.0064236  0.0704567 0.00103279
frame_7
id: 794
stamp: 1777101558.262458324
T_odom_lidar: 
  0.977336   0.174518  -0.119825    4.23873
 -0.170324   0.984384  0.0444713   0.320756
  0.125715 -0.0230543   0.991798 0.00923444
         0          0          0          1
T_world_lidar: 
  0.977336   0.174518  -0.119825    4.23873
 -0.170324   0.984384  0.0444713   0.320756
  0.125715 -0.0230543   0.991798 0.00923444
         0          0          0          1
v_world_imu:   0.0562214 -0.00654919  0.00108263
frame_8
id: 795
stamp: 1777101558.362413406
T_odom_lidar: 
  0.979398   0.163193  -0.118945    4.24089
 -0.159377   0.986367  0.0409811   0.323228
  0.124012 -0.0211797   0.992055 0.00957981
         0          0          0          1
T_world_lidar: 
  0.979398   0.163193  -0.118945    4.24089
 -0.159377   0.986367  0.0409811   0.323228
  0.124012 -0.0211797   0.992055 0.00957981
         0          0          0          1
v_world_imu:  0.00959361   0.0792454 -0.00276103
frame_9
id: 796
stamp: 1777101558.462309837
T_odom_lidar: 
  0.980958   0.154167  -0.118124    4.24102
 -0.150203   0.987771  0.0418087   0.328341
  0.123125   -0.02327   0.992118 0.00960965
         0          0          0          1
T_world_lidar: 
  0.980958   0.154167  -0.118124    4.24102
 -0.150203   0.987771  0.0418087   0.328341
  0.123125   -0.02327   0.992118 0.00960965
         0          0          0          1
v_world_imu: -0.0186986  0.0294054 0.00617699
frame_10
id: 797
stamp: 1777101558.562288046
T_odom_lidar: 
  0.980535   0.156087  -0.119112    4.24106
 -0.152347    0.98752  0.0399395   0.326077
   0.12386 -0.0210157   0.992077  0.0100887
         0          0          0          1
T_world_lidar: 
  0.980535   0.156087  -0.119112    4.24106
 -0.152347    0.98752  0.0399395   0.326077
   0.12386 -0.0210157   0.992077  0.0100887
         0          0          0          1
v_world_imu:  0.0178165 -0.0143858 0.00333237
frame_11
id: 798
stamp: 1777101558.662371635
T_odom_lidar: 
  0.980774   0.154957  -0.118624    4.24237
 -0.151231   0.987695  0.0398432   0.326687
  0.123339 -0.0211375   0.992139  0.0101468
         0          0          0          1
T_world_lidar: 
  0.980774   0.154957  -0.118624    4.24237
 -0.151231   0.987695  0.0398432   0.326687
  0.123339 -0.0211375   0.992139  0.0101468
         0          0          0          1
v_world_imu:    0.0080665    0.0210345 -0.000264009
frame_12
id: 799
stamp: 1777101558.762429953
T_odom_lidar: 
  0.981131   0.152336  -0.119061    4.24222
 -0.148549   0.988091  0.0401117   0.327729
  0.123753 -0.0216685   0.992076   0.010352
         0          0          0          1
T_world_lidar: 
  0.981131   0.152336  -0.119061    4.24222
 -0.148549   0.988091  0.0401117   0.327729
  0.123753 -0.0216685   0.992076   0.010352
         0          0          0          1
v_world_imu:  -0.0150118 -0.00612627  0.00531892
frame_13
id: 800
stamp: 1777101558.862427711
T_odom_lidar: 
  0.980726   0.154282  -0.119887    4.24104
 -0.150441   0.987789  0.0405091   0.326874
  0.124673 -0.0216925   0.991961  0.0107999
         0          0          0          1
T_world_lidar: 
  0.980726   0.154282  -0.119887    4.24104
 -0.150441   0.987789  0.0405091   0.326874
  0.124673 -0.0216925   0.991961  0.0107999
         0          0          0          1
v_world_imu:   0.014777 -0.0209735 0.00496266
frame_14
id: 801
stamp: 1777101558.962423563
T_odom_lidar: 
  0.980782   0.154211   -0.11952    4.24294
 -0.150433   0.987808  0.0400651   0.326413
  0.124241 -0.0213154   0.992023  0.0110441
         0          0          0          1
T_world_lidar: 
  0.980782   0.154211   -0.11952    4.24294
 -0.150433   0.987808  0.0400651   0.326413
  0.124241 -0.0213154   0.992023  0.0110441
         0          0          0          1
v_world_imu:  0.0148872 0.00342867 0.00235044
frame_15
id: 802
stamp: 1777101559.062476158
T_odom_lidar: 
  0.981006    0.15307  -0.119154    4.24315
 -0.149248   0.987973  0.0404166   0.326848
  0.123908 -0.0218653   0.992053  0.0112072
         0          0          0          1
T_world_lidar: 
  0.981006    0.15307  -0.119154    4.24315
 -0.149248   0.987973  0.0404166   0.326848
  0.123908 -0.0218653   0.992053  0.0112072
         0          0          0          1
v_world_imu:   -0.0107006 -0.000954088   0.00394162
frame_16
id: 803
stamp: 1777101559.162492275
T_odom_lidar: 
  0.980639   0.155042  -0.119619    4.24252
 -0.151265    0.98768  0.0400876   0.325769
   0.12436 -0.0212174    0.99201  0.0116633
         0          0          0          1
T_world_lidar: 
  0.980639   0.155042  -0.119619    4.24252
 -0.151265    0.98768  0.0400876   0.325769
   0.12436 -0.0212174    0.99201  0.0116633
         0          0          0          1
v_world_imu: -0.00308407 -0.00546969  0.00425557
frame_17
id: 804
stamp: 1777101559.262481689
T_odom_lidar: 
  0.980854   0.154043  -0.119146    4.24296
 -0.150266   0.987831  0.0401174   0.326034
  0.123876 -0.0214457   0.992066  0.0118251
         0          0          0          1
T_world_lidar: 
  0.980854   0.154043  -0.119146    4.24296
 -0.150266   0.987831  0.0401174   0.326034
  0.123876 -0.0214457   0.992066  0.0118251
         0          0          0          1
v_world_imu:  0.0060119  0.0101372 0.00155553
frame_18
id: 805
stamp: 1777101559.362495899
T_odom_lidar: 
 0.980914  0.153668 -0.119141   4.24326
-0.149878  0.987887 0.0401968  0.326196
 0.123875 -0.021573  0.992063  0.012081
        0         0         0         1
T_world_lidar: 
 0.980914  0.153668 -0.119141   4.24326
-0.149878  0.987887 0.0401968  0.326196
 0.123875 -0.021573  0.992063  0.012081
        0         0         0         1
v_world_imu: -0.00241185 -0.00378348  0.00341303
frame_19
id: 806
stamp: 1777101559.462446928
T_odom_lidar: 
  0.980766   0.154665  -0.119063    4.24292
  -0.15089   0.987735   0.040145   0.325693
  0.123812 -0.0214075   0.992075  0.0123634
         0          0          0          1
T_world_lidar: 
  0.980766   0.154665  -0.119063    4.24292
  -0.15089   0.987735   0.040145   0.325693
  0.123812 -0.0214075   0.992075  0.0123634
         0          0          0          1
v_world_imu: -0.0019097 0.00174396 0.00229191
frame_20
id: 807
stamp: 1777101559.562309504
T_odom_lidar: 
  0.980906   0.153884  -0.118928    4.24298
 -0.150087   0.987851  0.0402987   0.326222
  0.123685 -0.0216796   0.992085  0.0125569
         0          0          0          1
T_world_lidar: 
  0.980906   0.153884  -0.118928    4.24298
 -0.150087   0.987851  0.0402987   0.326222
  0.123685 -0.0216796   0.992085  0.0125569
         0          0          0          1
v_world_imu: 0.00262872 0.00521894 0.00178938
frame_21
id: 808
stamp: 1777101559.662582636
T_odom_lidar: 
 0.980882   0.15421 -0.118698   4.24323
-0.150426  0.987801 0.0402589  0.326192
 0.123458 -0.021634  0.992114 0.0127844
        0         0         0         1
T_world_lidar: 
 0.980882   0.15421 -0.118698   4.24323
-0.150426  0.987801 0.0402589  0.326192
 0.123458 -0.021634  0.992114 0.0127844
        0         0         0         1
v_world_imu:  0.00138311 -0.00189233  0.00257286
frame_22
id: 809
stamp: 1777101559.762453556
T_odom_lidar: 
  0.980876   0.154128  -0.118859    4.24318
 -0.150339   0.987814  0.0402613   0.326439
  0.123616 -0.0216222   0.992095   0.013004
         0          0          0          1
T_world_lidar: 
  0.980876   0.154128  -0.118859    4.24318
 -0.150339   0.987814  0.0402613   0.326439
  0.123616 -0.0216222   0.992095   0.013004
         0          0          0          1
v_world_imu: -0.00128948  0.00607436  0.00107066
frame_23
id: 810
stamp: 1777101559.862566233
T_odom_lidar: 
   0.98096   0.153147  -0.119432    4.24227
 -0.149343   0.987967  0.0402347   0.327327
  0.124156 -0.0216323   0.992027  0.0128778
         0          0          0          1
T_world_lidar: 
   0.98096   0.153147  -0.119432    4.24227
 -0.149343   0.987967  0.0402347   0.327327
  0.124156 -0.0216323   0.992027  0.0128778
         0          0          0          1
v_world_imu: -0.0282397  0.0309758 0.00348795
frame_24
id: 811
stamp: 1777101559.962585449
T_odom_lidar: 
  0.981184   0.152702  -0.118156    4.24419
 -0.148987   0.988041  0.0397135   0.327694
  0.122807 -0.0213624   0.992201  0.0132455
         0          0          0          1
T_world_lidar: 
  0.981184   0.152702  -0.118156    4.24419
 -0.148987   0.988041  0.0397135   0.327694
  0.122807 -0.0213624   0.992201  0.0132455
         0          0          0          1
v_world_imu:    0.032598 -0.00285775  0.00356716
frame_25
id: 812
stamp: 1777101560.062436581
T_odom_lidar: 
  0.980887   0.154792    -0.1179     4.2456
 -0.151148   0.987729  0.0393029   0.327217
  0.122537 -0.0207314   0.992247  0.0136276
         0          0          0          1
T_world_lidar: 
  0.980887   0.154792    -0.1179     4.2456
 -0.151148   0.987729  0.0393029   0.327217
  0.122537 -0.0207314   0.992247  0.0136276
         0          0          0          1
v_world_imu: -0.00216676 -0.00528362  0.00568456
frame_26
id: 813
stamp: 1777101560.162614584
T_odom_lidar: 
  0.979433   0.163934  -0.117627    4.24592
 -0.160591   0.986311  0.0374205    0.32539
  0.122152 -0.0177609   0.992353  0.0144621
         0          0          0          1
T_world_lidar: 
  0.979433   0.163934  -0.117627    4.24592
 -0.160591   0.986311  0.0374205    0.32539
  0.122152 -0.0177609   0.992353  0.0144621
         0          0          0          1
v_world_imu:  0.0166303 -0.0844435  0.0244473
frame_27
id: 814
stamp: 1777101560.262629986
T_odom_lidar: 
  0.980381   0.160076  -0.115014    4.24051
 -0.156924   0.986954  0.0360106    0.33408
  0.119278 -0.0172556   0.992711  0.0151076
         0          0          0          1
T_world_lidar: 
  0.980381   0.160076  -0.115014    4.24051
 -0.156924   0.986954  0.0360106    0.33408
  0.119278 -0.0172556   0.992711  0.0151076
         0          0          0          1
v_world_imu:   -0.120125    0.178122 -0.00466454
frame_28
id: 815
stamp: 1777101560.362446547
T_odom_lidar: 
  0.981734   0.152566  -0.113678    4.22572
 -0.149009   0.988058  0.0392066   0.349454
  0.118302 -0.0215514   0.992744  0.0144204
         0          0          0          1
T_world_lidar: 
  0.981734   0.152566  -0.113678    4.22572
 -0.149009   0.988058  0.0392066   0.349454
  0.118302 -0.0215514   0.992744  0.0144204
         0          0          0          1
v_world_imu:  -0.196489   0.108804 0.00546914
frame_29
id: 816
stamp: 1777101560.462639570
T_odom_lidar: 
  0.981763   0.151449  -0.114913    4.20441
  -0.14774    0.98821  0.0401806   0.355103
  0.119643 -0.0224706   0.992563  0.0150471
         0          0          0          1
T_world_lidar: 
  0.981763   0.151449  -0.114913    4.20441
  -0.14774    0.98821  0.0401806   0.355103
  0.119643 -0.0224706   0.992563  0.0150471
         0          0          0          1
v_world_imu:  -0.208316   0.013358 0.00648135
frame_30
id: 817
stamp: 1777101560.562188864
T_odom_lidar: 
  0.981531   0.152497  -0.115508    4.18548
 -0.148916   0.988078  0.0390669   0.353548
  0.120088 -0.0211444   0.992538  0.0157102
         0          0          0          1
T_world_lidar: 
  0.981531   0.152497  -0.115508    4.18548
 -0.148916   0.988078  0.0390669   0.353548
  0.120088 -0.0211444   0.992538  0.0157102
         0          0          0          1
v_world_imu:  -0.183424 -0.0218423 0.00784902
frame_31
id: 818
stamp: 1777101560.662570715
T_odom_lidar: 
  0.981707   0.151902  -0.114794    4.16622
 -0.148176   0.988137  0.0403695   0.348055
  0.119564 -0.0226213   0.992569  0.0158048
         0          0          0          1
T_world_lidar: 
  0.981707   0.151902  -0.114794    4.16622
 -0.148176   0.988137  0.0403695   0.348055
  0.119564 -0.0226213   0.992569  0.0158048
         0          0          0          1
v_world_imu:  -0.243592 -0.0840446 0.00288164
frame_32
id: 819
stamp: 1777101560.762547731
T_odom_lidar: 
  0.981097    0.15478  -0.116154    4.14282
 -0.150932   0.987682  0.0412809    0.33742
  0.121113 -0.0229692   0.992373  0.0154146
         0          0          0          1
T_world_lidar: 
  0.981097    0.15478  -0.116154    4.14282
 -0.150932   0.987682  0.0412809    0.33742
  0.121113 -0.0229692   0.992373  0.0154146
         0          0          0          1
v_world_imu:  -0.203599 -0.0809951 0.00453824
frame_33
id: 820
stamp: 1777101560.862651825
T_odom_lidar: 
  0.981169    0.15483  -0.115481    4.12433
 -0.150747   0.987622  0.0433478   0.330053
  0.120763 -0.0251231   0.992363  0.0141218
         0          0          0          1
T_world_lidar: 
  0.981169    0.15483  -0.115481    4.12433
 -0.150747   0.987622  0.0433478   0.330053
  0.120763 -0.0251231   0.992363  0.0141218
         0          0          0          1
v_world_imu:    -0.193254   -0.0577118 -0.000720767
frame_34
id: 821
stamp: 1777101560.962085724
T_odom_lidar: 
  0.981107   0.155948    -0.1145    4.10299
 -0.151621   0.987385   0.045624   0.321442
   0.12017 -0.0274014   0.992375  0.0141436
         0          0          0          1
T_world_lidar: 
  0.981107   0.155948    -0.1145    4.10299
 -0.151621   0.987385   0.045624   0.321442
   0.12017 -0.0274014   0.992375  0.0141436
         0          0          0          1
v_world_imu: -0.252302 -0.109129 0.0041748
frame_35
id: 822
stamp: 1777101561.062675714
T_odom_lidar: 
  0.980184   0.160834  -0.115634    4.07751
  -0.15644   0.986607  0.0461844    0.30852
  0.121513 -0.0271795   0.992218  0.0131047
         0          0          0          1
T_world_lidar: 
  0.980184   0.160834  -0.115634    4.07751
  -0.15644   0.986607  0.0461844    0.30852
  0.121513 -0.0271795   0.992218  0.0131047
         0          0          0          1
v_world_imu:  -0.253051  -0.122975 0.00289787
frame_36
id: 823
stamp: 1777101561.162630558
T_odom_lidar: 
  0.979898   0.162353  -0.115939    4.05121
   -0.1579   0.986351  0.0466753   0.296654
  0.121934 -0.0274303   0.992159  0.0130358
         0          0          0          1
T_world_lidar: 
  0.979898   0.162353  -0.115939    4.05121
   -0.1579   0.986351  0.0466753   0.296654
  0.121934 -0.0274303   0.992159  0.0130358
         0          0          0          1
v_world_imu:    -0.266112    -0.117069 -0.000365912
frame_37
id: 824
stamp: 1777101561.262719154
T_odom_lidar: 
  0.979622   0.163849  -0.116166    4.02389
 -0.159295   0.986087  0.0475223   0.284561
  0.122336 -0.0280492   0.992092  0.0128793
         0          0          0          1
T_world_lidar: 
  0.979622   0.163849  -0.116166    4.02389
 -0.159295   0.986087  0.0475223   0.284561
  0.122336 -0.0280492   0.992092  0.0128793
         0          0          0          1
v_world_imu:  -0.283943  -0.135195 0.00167006
frame_38
id: 825
stamp: 1777101561.363225937
T_odom_lidar: 
  0.979191   0.166846  -0.115532    3.99907
 -0.162214   0.985565  0.0484637   0.272743
   0.12195 -0.0287144   0.992121  0.0126819
         0          0          0          1
T_world_lidar: 
  0.979191   0.166846  -0.115532    3.99907
 -0.162214   0.985565  0.0484637   0.272743
   0.12195 -0.0287144   0.992121  0.0126819
         0          0          0          1
v_world_imu:   -0.233674   -0.102503 -0.00457317
frame_39
id: 826
stamp: 1777101561.462657690
T_odom_lidar: 
  0.978422   0.170717  -0.116387    3.97432
 -0.166123   0.984928  0.0481626   0.260989
  0.122855 -0.0277888   0.992035  0.0125468
         0          0          0          1
T_world_lidar: 
  0.978422   0.170717  -0.116387    3.97432
 -0.166123   0.984928  0.0481626   0.260989
  0.122855 -0.0277888   0.992035  0.0125468
         0          0          0          1
v_world_imu:  -0.230785  -0.122075 0.00133186
frame_40
id: 827
stamp: 1777101561.562274694
T_odom_lidar: 
  0.977961   0.173721  -0.115814    3.95512
 -0.169002   0.984374  0.0494623   0.251735
  0.122597 -0.0287994   0.992039  0.0124586
         0          0          0          1
T_world_lidar: 
  0.977961   0.173721  -0.115814    3.95512
 -0.169002   0.984374  0.0494623   0.251735
  0.122597 -0.0287994   0.992039  0.0124586
         0          0          0          1
v_world_imu:    -0.195374   -0.0857963 -0.000797471
frame_41
id: 828
stamp: 1777101561.662722349
T_odom_lidar: 
  0.977755    0.17554  -0.114805    3.93387
 -0.170822   0.984043  0.0497914    0.24256
  0.121713 -0.0290726   0.992139  0.0123193
         0          0          0          1
T_world_lidar: 
  0.977755    0.17554  -0.114805    3.93387
 -0.170822   0.984043  0.0497914    0.24256
  0.121713 -0.0290726   0.992139  0.0123193
         0          0          0          1
v_world_imu:    -0.237496    -0.107753 -9.92723e-05
frame_42
id: 829
stamp: 1777101561.762571335
T_odom_lidar: 
  0.976755   0.180646  -0.115402    3.90989
 -0.176007   0.983155  0.0492809    0.23075
   0.12236 -0.0278238   0.992096  0.0123387
         0          0          0          1
T_world_lidar: 
  0.976755   0.180646  -0.115402    3.90989
 -0.176007   0.983155  0.0492809    0.23075
   0.12236 -0.0278238   0.992096  0.0123387
         0          0          0          1
v_world_imu:    -0.240374    -0.109015 -0.000191345
frame_43
id: 830
stamp: 1777101561.862776279
T_odom_lidar: 
  0.974704   0.190508   -0.11687    3.88299
 -0.185928    0.98134  0.0490127   0.217364
  0.124027 -0.0260434   0.991937  0.0126112
         0          0          0          1
T_world_lidar: 
  0.974704   0.190508   -0.11687    3.88299
 -0.185928    0.98134  0.0490127   0.217364
  0.124027 -0.0260434   0.991937  0.0126112
         0          0          0          1
v_world_imu:  -0.296425  -0.146327 0.00869705
frame_44
id: 831
stamp: 1777101561.962768793
T_odom_lidar: 
  0.971114   0.209908  -0.113477    3.85673
 -0.205126   0.977331   0.052418    0.20357
  0.121908 -0.0276267   0.992157  0.0124213
         0          0          0          1
T_world_lidar: 
  0.971114   0.209908  -0.113477    3.85673
 -0.205126   0.977331   0.052418    0.20357
  0.121908 -0.0276267   0.992157  0.0124213
         0          0          0          1
v_world_imu:   -0.251333   -0.186788 -0.00447173
frame_45
id: 832
stamp: 1777101562.062705278
T_odom_lidar: 
  0.965752   0.233433  -0.113281    3.83167
 -0.228754   0.972048  0.0528599    0.18662
  0.122454 -0.0251361   0.992156  0.0124971
         0          0          0          1
T_world_lidar: 
  0.965752   0.233433  -0.113281    3.83167
 -0.228754   0.972048  0.0528599    0.18662
  0.122454 -0.0251361   0.992156  0.0124971
         0          0          0          1
v_world_imu:   -0.220201   -0.139612 0.000132411
frame_46
id: 833
stamp: 1777101562.162666082
T_odom_lidar: 
  0.963441   0.244794  -0.108888    3.81289
 -0.239721   0.969128  0.0576643   0.178526
  0.119642 -0.0294534    0.99238  0.0121618
         0          0          0          1
T_world_lidar: 
  0.963441   0.244794  -0.108888    3.81289
 -0.239721   0.969128  0.0576643   0.178526
  0.119642 -0.0294534    0.99238  0.0121618
         0          0          0          1
v_world_imu:    -0.209919    -0.101446 -0.000336637
frame_47
id: 834
stamp: 1777101562.262798786
T_odom_lidar: 
  0.961313   0.253027  -0.108881    3.78857
 -0.247843   0.967002  0.0589954   0.169542
  0.120215 -0.0297278   0.992303  0.0119788
         0          0          0          1
T_world_lidar: 
  0.961313   0.253027  -0.108881    3.78857
 -0.247843   0.967002  0.0589954   0.169542
  0.120215 -0.0297278   0.992303  0.0119788
         0          0          0          1
v_world_imu:  -0.288134  -0.100231 0.00171388
frame_48
id: 835
stamp: 1777101562.363906384
T_odom_lidar: 
 0.958663  0.262269 -0.110364   3.76136
-0.257249  0.964618 0.0577491  0.157673
 0.121605 -0.026971  0.992212 0.0124033
        0         0         0         1
T_world_lidar: 
 0.958663  0.262269 -0.110364   3.76136
-0.257249  0.964618 0.0577491  0.157673
 0.121605 -0.026971  0.992212 0.0124033
        0         0         0         1
v_world_imu: -0.263343 -0.085132 0.0033135
frame_49
id: 836
stamp: 1777101562.462842703
T_odom_lidar: 
  0.958132   0.264437  -0.109797    3.73598
 -0.259474   0.964035  0.0575273   0.149211
   0.12106 -0.0266293   0.992288    0.01236
         0          0          0          1
T_world_lidar: 
  0.958132   0.264437  -0.109797    3.73598
 -0.259474   0.964035  0.0575273   0.149211
   0.12106 -0.0266293   0.992288    0.01236
         0          0          0          1
v_world_imu:   -0.263758  -0.0653269 -0.00331526
frame_50
id: 837
stamp: 1777101562.562298298
T_odom_lidar: 
  0.957274   0.267758  -0.109236    3.70967
  -0.26279   0.963117  0.0578595   0.141461
  0.120699 -0.0266814   0.992331   0.012304
         0          0          0          1
T_world_lidar: 
  0.957274   0.267758  -0.109236    3.70967
  -0.26279   0.963117  0.0578595   0.141461
  0.120699 -0.0266814   0.992331   0.012304
         0          0          0          1
v_world_imu:   -0.289606  -0.0855926 0.000959788
frame_51
id: 838
stamp: 1777101562.662779808
T_odom_lidar: 
  0.956054   0.272066  -0.109276    3.68002
 -0.267063   0.961911  0.0583522   0.133128
   0.12099 -0.0266041   0.992297  0.0124705
         0          0          0          1
T_world_lidar: 
  0.956054   0.272066  -0.109276    3.68002
 -0.267063   0.961911  0.0583522   0.133128
   0.12099 -0.0266041   0.992297  0.0124705
         0          0          0          1
v_world_imu:  -0.286693 -0.0828906 0.00318229
frame_52
id: 839
stamp: 1777101562.762668610
T_odom_lidar: 
  0.954506   0.276765  -0.110996    3.65504
  -0.27181   0.960611  0.0578384   0.125843
  0.122632 -0.0250372   0.992136  0.0128156
         0          0          0          1
T_world_lidar: 
  0.954506   0.276765  -0.110996    3.65504
  -0.27181   0.960611  0.0578384   0.125843
  0.122632 -0.0250372   0.992136  0.0128156
         0          0          0          1
v_world_imu:  -0.168028 -0.0481692 0.00238773
frame_53
id: 840
stamp: 1777101562.862809181
T_odom_lidar: 
   0.95414    0.27892  -0.108721    3.64153
 -0.274088   0.959989  0.0574165   0.124117
  0.120386 -0.0249843   0.992413  0.0127112
         0          0          0          1
T_world_lidar: 
   0.95414    0.27892  -0.108721    3.64153
 -0.274088   0.959989  0.0574165   0.124117
  0.120386 -0.0249843   0.992413  0.0127112
         0          0          0          1
v_world_imu:   -0.132133   0.0181597 -0.00265775
frame_54
id: 841
stamp: 1777101562.962789774
T_odom_lidar: 
  0.953458   0.281112  -0.109061    3.63196
 -0.276171   0.959336  0.0583473   0.126587
  0.121028 -0.0255123   0.992321   0.012499
         0          0          0          1
T_world_lidar: 
  0.953458   0.281112  -0.109061    3.63196
 -0.276171   0.959336  0.0583473   0.126587
  0.121028 -0.0255123   0.992321   0.012499
         0          0          0          1
v_world_imu:  -0.0631165   0.0193227 -0.00314018
frame_55
id: 842
stamp: 1777101563.062895060
T_odom_lidar: 
  0.953726   0.280236  -0.108965    3.62918
 -0.275193   0.959567  0.0591611    0.12782
  0.121138 -0.0264371   0.992284  0.0121387
         0          0          0          1
T_world_lidar: 
  0.953726   0.280236  -0.108965    3.62918
 -0.275193   0.959567  0.0591611    0.12782
  0.121138 -0.0264371   0.992284  0.0121387
         0          0          0          1
v_world_imu:  0.00611926  -0.0174837 -0.00211394
frame_56
id: 843
stamp: 1777101563.162848949
T_odom_lidar: 
   0.95351   0.281118  -0.108592    3.63092
  -0.27623   0.959339  0.0580116   0.126728
  0.120485 -0.0253183   0.992392  0.0118039
         0          0          0          1
T_world_lidar: 
   0.95351   0.281118  -0.108592    3.63092
  -0.27623   0.959339  0.0580116   0.126728
  0.120485 -0.0253183   0.992392  0.0118039
         0          0          0          1
v_world_imu: -0.000726253   0.00483808  -0.00465016
frame_57
id: 844
stamp: 1777101563.262728214
T_odom_lidar: 
  0.953713   0.280301  -0.108919    3.62963
 -0.275271   0.959551   0.059063   0.127537
  0.121069 -0.0263469   0.992294  0.0115217
         0          0          0          1
T_world_lidar: 
  0.953713   0.280301  -0.108919    3.62963
 -0.275271   0.959551   0.059063   0.127537
  0.121069 -0.0263469   0.992294  0.0115217
         0          0          0          1
v_world_imu:   -0.0062631   -0.0136039 -0.000202875
frame_58
id: 845
stamp: 1777101563.362702131
T_odom_lidar: 
  0.953447    0.28131  -0.108645     3.6302
 -0.276382   0.959276  0.0583388   0.126547
  0.120632 -0.0255955   0.992367  0.0113065
         0          0          0          1
T_world_lidar: 
  0.953447    0.28131  -0.108645     3.6302
 -0.276382   0.959276  0.0583388   0.126547
  0.120632 -0.0255955   0.992367  0.0113065
         0          0          0          1
v_world_imu:  0.00149869  0.00705856 -0.00395519
frame_59
id: 846
stamp: 1777101563.462836027
T_odom_lidar: 
  0.953805   0.280049  -0.108763    3.62992
  -0.27503   0.959624  0.0589937   0.127629
  0.120893 -0.0263553   0.992316  0.0109359
         0          0          0          1
T_world_lidar: 
  0.953805   0.280049  -0.108763    3.62992
  -0.27503   0.959624  0.0589937   0.127629
  0.120893 -0.0263553   0.992316  0.0109359
         0          0          0          1
v_world_imu: -0.000182697  -0.00793221  -0.00125008
frame_60
id: 847
stamp: 1777101563.562472582
T_odom_lidar: 
  0.953404   0.281383   -0.10883    3.62994
 -0.276431   0.959252  0.0585007   0.126702
  0.120857 -0.0256908   0.992337  0.0107736
         0          0          0          1
T_world_lidar: 
  0.953404   0.281383   -0.10883    3.62994
 -0.276431   0.959252  0.0585007   0.126702
  0.120857 -0.0256908   0.992337  0.0107736
         0          0          0          1
v_world_imu: -0.00541927  0.00373702 -0.00264787
frame_61
id: 848
stamp: 1777101563.662916660
T_odom_lidar: 
  0.953701   0.280543  -0.108402    3.62964
 -0.275591    0.95949   0.058547   0.127603
  0.120435 -0.0259617   0.992382  0.0103286
         0          0          0          1
T_world_lidar: 
  0.953701   0.280543  -0.108402    3.62964
 -0.275591    0.95949   0.058547   0.127603
  0.120435 -0.0259617   0.992382  0.0103286
         0          0          0          1
v_world_imu: -0.00500336  -0.0011451 -0.00379505
frame_62
id: 849
stamp: 1777101563.762897968
T_odom_lidar: 
  0.952936   0.283315  -0.107911    3.62404
 -0.278528    0.95871  0.0574268   0.128766
  0.119725 -0.0246678   0.992501  0.0101741
         0          0          0          1
T_world_lidar: 
  0.952936   0.283315  -0.107911    3.62404
 -0.278528    0.95871  0.0574268   0.128766
  0.119725 -0.0246678   0.992501  0.0101741
         0          0          0          1
v_world_imu:  -0.0988862   0.0443066 -0.00171304
frame_63
id: 850
stamp: 1777101563.862795591
T_odom_lidar: 
  0.950654   0.290685  -0.108438    3.61135
 -0.286145   0.956568  0.0556608    0.13235
  0.119908 -0.0218851   0.992544  0.0105759
         0          0          0          1
T_world_lidar: 
  0.950654   0.290685  -0.108438    3.61135
 -0.286145   0.956568  0.0556608    0.13235
  0.119908 -0.0218851   0.992544  0.0105759
         0          0          0          1
v_world_imu:  -0.142418  0.0644899 0.00639892
frame_64
id: 851
stamp: 1777101563.963411331
T_odom_lidar: 
  0.949579   0.294118    -0.1086    3.59928
 -0.289228    0.95546  0.0586832   0.143606
  0.121023 -0.0243142   0.992352  0.0102908
         0          0          0          1
T_world_lidar: 
  0.949579   0.294118    -0.1086    3.59928
 -0.289228    0.95546  0.0586832   0.143606
  0.121023 -0.0243142   0.992352  0.0102908
         0          0          0          1
v_world_imu:   -0.070691   0.0824148 -0.00557476
frame_65
id: 852
stamp: 1777101564.062923908
T_odom_lidar: 
  0.949675   0.294378  -0.107046    3.59442
 -0.289676   0.955399  0.0574575     0.1568
  0.119186 -0.0235574   0.992592  0.0094683
         0          0          0          1
T_world_lidar: 
  0.949675   0.294378  -0.107046    3.59442
 -0.289676   0.955399  0.0574575     0.1568
  0.119186 -0.0235574   0.992592  0.0094683
         0          0          0          1
v_world_imu:  -0.0503863    0.149731 -0.00936137
frame_66
id: 853
stamp: 1777101564.162824631
T_odom_lidar: 
  0.949111   0.296256  -0.106873    3.58453
 -0.291735   0.954854  0.0560711   0.171944
   0.11866  -0.022039    0.99269 0.00915561
         0          0          0          1
T_world_lidar: 
  0.949111   0.296256  -0.106873    3.58453
 -0.291735   0.954854  0.0560711   0.171944
   0.11866  -0.022039    0.99269 0.00915561
         0          0          0          1
v_world_imu:   -0.132462    0.187627 -0.00380607
frame_67
id: 854
stamp: 1777101564.262794018
T_odom_lidar: 
  0.948735   0.297458  -0.106869    3.57023
 -0.292772   0.954451    0.05751   0.193954
  0.119108 -0.0232735   0.992609 0.00886826
         0          0          0          1
T_world_lidar: 
  0.948735   0.297458  -0.106869    3.57023
 -0.292772   0.954451    0.05751   0.193954
  0.119108 -0.0232735   0.992609 0.00886826
         0          0          0          1
v_world_imu:  -0.127215   0.266299 -0.0100674
frame_68
id: 855
stamp: 1777101564.362909079
T_odom_lidar: 
  0.950521   0.292318  -0.105163    3.55962
 -0.287555   0.955991  0.0582551   0.218568
  0.117564 -0.0251326   0.992747 0.00776871
         0          0          0          1
T_world_lidar: 
  0.950521   0.292318  -0.105163    3.55962
 -0.287555   0.955991  0.0582551   0.218568
  0.117564 -0.0251326   0.992747 0.00776871
         0          0          0          1
v_world_imu:  -0.100381   0.207656 -0.0066512
frame_69
id: 856
stamp: 1777101564.462822914
T_odom_lidar: 
  0.949387   0.296092  -0.104852    3.54731
 -0.291239   0.954813  0.0592629   0.238965
  0.117661 -0.0257266   0.992721 0.00770537
         0          0          0          1
T_world_lidar: 
  0.949387   0.296092  -0.104852    3.54731
 -0.291239   0.954813  0.0592629   0.238965
  0.117661 -0.0257266   0.992721 0.00770537
         0          0          0          1
v_world_imu:  -0.126961   0.168525 0.00103186
frame_70
id: 857
stamp: 1777101564.561897755
T_odom_lidar: 
  0.951329   0.289981  -0.104324    3.53397
 -0.285131   0.956667  0.0590677   0.258551
  0.116932 -0.0264468   0.992788 0.00742479
         0          0          0          1
T_world_lidar: 
  0.951329   0.289981  -0.104324    3.53397
 -0.285131   0.956667  0.0590677   0.258551
  0.116932 -0.0264468   0.992788 0.00742479
         0          0          0          1
v_world_imu:  -0.122239   0.205684 -0.0077624
frame_71
id: 858
stamp: 1777101564.662897348
T_odom_lidar: 
  0.952089   0.287378  -0.104594     3.5195
  -0.28244    0.95743  0.0596255   0.269994
  0.117277 -0.0272273   0.992726 0.00753953
         0          0          0          1
T_world_lidar: 
  0.952089   0.287378  -0.104594     3.5195
  -0.28244    0.95743  0.0596255   0.269994
  0.117277 -0.0272273   0.992726 0.00753953
         0          0          0          1
v_world_imu:  -0.165432  0.0718754 0.00896317
frame_72
id: 859
stamp: 1777101564.763006210
T_odom_lidar: 
  0.951029   0.290352  -0.106016    3.50865
 -0.285631   0.956606   0.057619      0.269
  0.118146 -0.0245158   0.992694 0.00864164
         0          0          0          1
T_world_lidar: 
  0.951029   0.290352  -0.106016    3.50865
 -0.285631   0.956606   0.057619      0.269
  0.118146 -0.0245158   0.992694 0.00864164
         0          0          0          1
v_world_imu: -0.0633795 -0.0220832 0.00845049
frame_73
id: 860
stamp: 1777101564.862874746
T_odom_lidar: 
  0.950797   0.291328  -0.105423    3.50577
 -0.286709   0.956325  0.0569342   0.270006
  0.117405 -0.0239071   0.992796 0.00898966
         0          0          0          1
T_world_lidar: 
  0.950797   0.291328  -0.105423    3.50577
 -0.286709   0.956325  0.0569342   0.270006
  0.117405 -0.0239071   0.992796 0.00898966
         0          0          0          1
v_world_imu:  0.00884316   0.0338681 -0.00258342
frame_74
id: 861
stamp: 1777101564.963022470
T_odom_lidar: 
  0.951817   0.288441  -0.104144    3.50717
 -0.283811   0.957175  0.0571556   0.271484
   0.11617 -0.0248445   0.992919 0.00895494
         0          0          0          1
T_world_lidar: 
  0.951817   0.288441  -0.104144    3.50717
 -0.283811   0.957175  0.0571556   0.271484
   0.11617 -0.0248445   0.992919 0.00895494
         0          0          0          1
v_world_imu: 0.00256497 -0.0269247 0.00489132
frame_75
id: 862
stamp: 1777101565.062948704
T_odom_lidar: 
  0.950077   0.293698  -0.105338    3.50669
  -0.28922   0.955631   0.055872   0.268186
  0.117074 -0.0226169   0.992866 0.00965134
         0          0          0          1
T_world_lidar: 
  0.950077   0.293698  -0.105338    3.50669
  -0.28922   0.955631   0.055872   0.268186
  0.117074 -0.0226169   0.992866 0.00965134
         0          0          0          1
v_world_imu: -0.00780939  -0.0227442  0.00463796
frame_76
id: 863
stamp: 1777101565.162977934
T_odom_lidar: 
  0.950928   0.291195  -0.104596    3.50688
 -0.286701    0.95638  0.0560343   0.269406
   0.11635 -0.0232969   0.992935 0.00958715
         0          0          0          1
T_world_lidar: 
  0.950928   0.291195  -0.104596    3.50688
 -0.286701    0.95638  0.0560343   0.269406
   0.11635 -0.0232969   0.992935 0.00958715
         0          0          0          1
v_world_imu:  0.00521002   0.0185107 -0.00270229
frame_77
id: 864
stamp: 1777101565.263044834
T_odom_lidar: 
  0.950952   0.291546  -0.103399    3.50419
 -0.287216   0.956293  0.0548793   0.271041
  0.114879 -0.0224898   0.993125 0.00951968
         0          0          0          1
T_world_lidar: 
  0.950952   0.291546  -0.103399    3.50419
 -0.287216   0.956293  0.0548793   0.271041
  0.114879 -0.0224898   0.993125 0.00951968
         0          0          0          1
v_world_imu: -0.0841616  0.0178681 0.00417833
frame_78
id: 865
stamp: 1777101565.362985373
T_odom_lidar: 
  0.950285    0.29356  -0.103832    3.49239
 -0.289287   0.955695  0.0543988   0.273598
  0.115201 -0.0216571   0.993106   0.009882
         0          0          0          1
T_world_lidar: 
  0.950285    0.29356  -0.103832    3.49239
 -0.289287   0.955695  0.0543988   0.273598
  0.115201 -0.0216571   0.993106   0.009882
         0          0          0          1
v_world_imu:  -0.163302  0.0324975 0.00189285
frame_79
id: 866
stamp: 1777101565.462833881
T_odom_lidar: 
  0.950908   0.291505  -0.103922    3.47462
 -0.287082   0.956292  0.0555745    0.27814
   0.11558 -0.0230121   0.993032 0.00973055
         0          0          0          1
T_world_lidar: 
  0.950908   0.291505  -0.103922    3.47462
 -0.287082   0.956292  0.0555745    0.27814
   0.11558 -0.0230121   0.993032 0.00973055
         0          0          0          1
v_world_imu:    -0.19416   0.0112186 -0.00407421
frame_80
id: 867
stamp: 1777101565.562172413
T_odom_lidar: 
  0.950823    0.29155  -0.104568    3.45429
 -0.287076   0.956276  0.0558907   0.275772
  0.116291 -0.0231232   0.992946 0.00978454
         0          0          0          1
T_world_lidar: 
  0.950823    0.29155  -0.104568    3.45429
 -0.287076   0.956276  0.0558907   0.275772
  0.116291 -0.0231232   0.992946 0.00978454
         0          0          0          1
v_world_imu:  -0.199486 -0.0755891 0.00318515
frame_81
id: 868
stamp: 1777101565.662842989
T_odom_lidar: 
  0.949584    0.29532   -0.10524    3.43427
 -0.290943   0.955151  0.0551195   0.268429
  0.116798 -0.0217217   0.992918  0.0101703
         0          0          0          1
T_world_lidar: 
  0.949584    0.29532   -0.10524    3.43427
 -0.290943   0.955151  0.0551195   0.268429
  0.116798 -0.0217217   0.992918  0.0101703
         0          0          0          1
v_world_imu:    -0.190126   -0.0510187 -0.000841496
frame_82
id: 869
stamp: 1777101565.762922764
T_odom_lidar: 
  0.950142    0.29389  -0.104208     3.4137
 -0.289377   0.955552  0.0564043    0.26616
  0.116153 -0.0234366   0.992955 0.00974799
         0          0          0          1
