id: 3
T_world_origin: 
    0.797127    -0.415148     0.438453     0.417929
    0.363688     0.909754     0.200197     0.134432
   -0.481996 -0.000122213     0.876174 -0.000441183
           0            0            0            1
T_origin_endpoint_L: 
    0.999818    0.0190842 -4.40698e-05  -0.00488181
  -0.0190834     0.999751   -0.0115345  -0.00204652
-0.000176068    0.0115333     0.999933  -0.00113204
           0            0            0            1
T_origin_endpoint_R: 
   0.923013    0.382401  -0.0426235  -0.0178288
   -0.38244    0.899611   -0.210809  -0.0898787
 -0.0422688     0.21088    0.976598 -0.00522181
          0           0           0           1
T_lidar_imu: 
     1      0      0  0.006
     0      1      0 -0.012
     0      0      1  0.008
     0      0      0      1
imu_bias:  0.00481002 0.000311328 -0.00864665 -0.00515442 -0.00114032  0.00146621
frame_id: 2
num_frames: 29
frame_0
id: 3490
stamp: 1777955684.338198900
T_odom_lidar: 
    0.805125    -0.395503     0.441985     0.398267
    0.348119      0.91846     0.187732     0.137466
   -0.480194   0.00271563     0.877158 -0.000442528
           0            0            0            1
T_world_lidar: 
    0.805125    -0.395503     0.441985     0.398267
    0.348119      0.91846     0.187732     0.137466
   -0.480194   0.00271563     0.877158 -0.000442528
           0            0            0            1
v_world_imu: -0.0337172  0.0554114  0.0119899
frame_1
id: 3491
stamp: 1777955684.438208818
T_odom_lidar: 
    0.798039    -0.413421     0.438424     0.397583
    0.363481     0.910537     0.196985     0.138989
    -0.48064   0.00215684     0.876915 -0.000175134
           0            0            0            1
T_world_lidar: 
    0.798039    -0.413421     0.438424     0.397583
    0.363481     0.910537     0.196985     0.138989
    -0.48064   0.00215684     0.876915 -0.000175134
           0            0            0            1
v_world_imu:   0.00632077    0.0467854 -0.000854795
frame_2
id: 3492
stamp: 1777955684.538115978
T_odom_lidar: 
    0.795705    -0.417531     0.438774     0.401204
    0.366309     0.908662     0.200377     0.141537
   -0.482361   0.00128596     0.875972 -0.000272492
           0            0            0            1
T_world_lidar: 
    0.795705    -0.417531     0.438774     0.401204
    0.366309     0.908662     0.200377     0.141537
   -0.482361   0.00128596     0.875972 -0.000272492
           0            0            0            1
v_world_imu:  0.0578986  0.0451783 0.00503948
frame_3
id: 3493
stamp: 1777955684.638626575
T_odom_lidar: 
    0.797549    -0.416161     0.436723       0.3992
    0.366026     0.909289     0.198035     0.141096
   -0.479522   0.00190935     0.877528 -0.000586211
           0            0            0            1
T_world_lidar: 
    0.797549    -0.416161     0.436723       0.3992
    0.366026     0.909289     0.198035     0.141096
   -0.479522   0.00190935     0.877528 -0.000586211
           0            0            0            1
v_world_imu:  -0.0223635 -0.00467804  0.00356467
frame_4
id: 3494
stamp: 1777955684.738612413
T_odom_lidar: 
    0.796352    -0.418842     0.436343     0.398699
    0.368102     0.908058     0.199831     0.140816
   -0.479922   0.00148304      0.87731 -0.000410586
           0            0            0            1
T_world_lidar: 
    0.796352    -0.418842     0.436343     0.398699
    0.368102     0.908058     0.199831     0.140816
   -0.479922   0.00148304      0.87731 -0.000410586
           0            0            0            1
v_world_imu: -0.00380196  -0.0188749   0.0012254
frame_5
id: 3495
stamp: 1777955684.838627577
T_odom_lidar: 
    0.795078    -0.419358     0.438166     0.401842
     0.36812     0.907819     0.200878     0.142795
   -0.482016   0.00158402     0.876161 -0.000621567
           0            0            0            1
T_world_lidar: 
    0.795078    -0.419358     0.438166     0.401842
     0.36812     0.907819     0.200878     0.142795
   -0.482016   0.00158402     0.876161 -0.000621567
           0            0            0            1
v_world_imu:   0.0145929 -0.00343285 0.000761228
frame_6
id: 3496
stamp: 1777955684.938383579
T_odom_lidar: 
   0.795595   -0.418194    0.438342    0.401572
   0.367338    0.908356    0.199882    0.142733
  -0.481759  0.00199464    0.876301 -0.00042171
          0           0           0           1
T_world_lidar: 
   0.795595   -0.418194    0.438342    0.401572
   0.367338    0.908356    0.199882    0.142733
  -0.481759  0.00199464    0.876301 -0.00042171
          0           0           0           1
v_world_imu: -0.0429315 -0.0151585 0.00167385
frame_7
id: 3497
stamp: 1777955685.038455248
T_odom_lidar: 
   0.795912   -0.418527    0.437446    0.400661
   0.367403    0.908203    0.200454    0.142764
  -0.481186  0.00117499    0.876618 -0.00223985
          0           0           0           1
T_world_lidar: 
   0.795912   -0.418527    0.437446    0.400661
   0.367403    0.908203    0.200454    0.142764
  -0.481186  0.00117499    0.876618 -0.00223985
          0           0           0           1
v_world_imu: -0.00877783  0.00162702 0.000314323
frame_8
id: 3498
stamp: 1777955685.138535261
T_odom_lidar: 
    0.79534   -0.418565    0.438449    0.402184
   0.367562    0.908185    0.200245    0.143123
  -0.482009  0.00189448    0.876164 -0.00219845
          0           0           0           1
T_world_lidar: 
    0.79534   -0.418565    0.438449    0.402184
   0.367562    0.908185    0.200245    0.143123
  -0.482009  0.00189448    0.876164 -0.00219845
          0           0           0           1
v_world_imu:   0.0178842   0.0148269 0.000939601
frame_9
id: 3499
stamp: 1777955685.238184214
T_odom_lidar: 
   0.795976   -0.417433    0.438375    0.402126
   0.366772    0.908705    0.199331    0.143052
  -0.481561   0.0021208     0.87641 -0.00213578
          0           0           0           1
T_world_lidar: 
   0.795976   -0.417433    0.438375    0.402126
   0.366772    0.908705    0.199331    0.143052
  -0.481561   0.0021208     0.87641 -0.00213578
          0           0           0           1
v_world_imu:  0.00697581 -0.00262308  0.00185411
frame_10
id: 3500
stamp: 1777955685.338400841
T_odom_lidar: 
   0.796007   -0.418448    0.437349     0.40139
   0.367739    0.908239    0.199675    0.142475
  -0.480771  0.00188696    0.876844 -0.00211048
          0           0           0           1
T_world_lidar: 
   0.796007   -0.418448    0.437349     0.40139
   0.367739    0.908239    0.199675    0.142475
  -0.480771  0.00188696    0.876844 -0.00211048
          0           0           0           1
v_world_imu: 0.00524125 0.00379547 0.00126455
frame_11
id: 3501
stamp: 1777955685.438301325
T_odom_lidar: 
   0.796109   -0.418013    0.437578    0.401674
   0.367541    0.908438    0.199134    0.142428
  -0.480753  0.00229558    0.876853 -0.00203576
          0           0           0           1
T_world_lidar: 
   0.796109   -0.418013    0.437578    0.401674
   0.367541    0.908438    0.199134    0.142428
  -0.480753  0.00229558    0.876853 -0.00203576
          0           0           0           1
v_world_imu:  0.00805641  0.00441886 0.000777532
frame_12
id: 3502
stamp: 1777955685.538153410
T_odom_lidar: 
   0.796471   -0.417518    0.437392     0.40163
   0.366949    0.908667    0.199182    0.142287
  -0.480605  0.00185814    0.876935 -0.00198896
          0           0           0           1
T_world_lidar: 
   0.796471   -0.417518    0.437392     0.40163
   0.366949    0.908667    0.199182    0.142287
  -0.480605  0.00185814    0.876935 -0.00198896
          0           0           0           1
v_world_imu: -0.00394365 -0.00955411 0.000652831
frame_13
id: 3503
stamp: 1777955685.638167620
T_odom_lidar: 
   0.796179   -0.418219    0.437255     0.40104
   0.367701    0.908344    0.199267    0.141447
  -0.480515  0.00212706    0.876984 -0.00185421
          0           0           0           1
T_world_lidar: 
   0.796179   -0.418219    0.437255     0.40104
   0.367701    0.908344    0.199267    0.141447
  -0.480515  0.00212706    0.876984 -0.00185421
          0           0           0           1
v_world_imu: -0.00535577   -0.010867  0.00133319
frame_14
id: 3504
stamp: 1777955685.738408804
T_odom_lidar: 
   0.797411   -0.415868    0.437252    0.401643
   0.365576    0.909423    0.198251    0.141038
  -0.480093   0.0017611    0.877216 -0.00180212
          0           0           0           1
T_world_lidar: 
   0.797411   -0.415868    0.437252    0.401643
   0.365576    0.909423    0.198251    0.141038
  -0.480093   0.0017611    0.877216 -0.00180212
          0           0           0           1
v_world_imu:  0.0396794  0.0201966 0.00570085
frame_15
id: 3505
stamp: 1777955685.838350296
T_odom_lidar: 
  0.798496  -0.414044   0.437003   0.401911
  0.364181   0.910255   0.196997   0.140045
  -0.47935 0.00184727   0.877622 -0.0014671
         0          0          0          1
T_world_lidar: 
  0.798496  -0.414044   0.437003   0.401911
  0.364181   0.910255   0.196997   0.140045
  -0.47935 0.00184727   0.877622 -0.0014671
         0          0          0          1
v_world_imu:  0.0496353 -0.0147124 0.00185794
frame_16
id: 3506
stamp: 1777955685.938570023
T_odom_lidar: 
    0.80569   -0.393255    0.442961    0.407982
   0.345187    0.919429    0.188406    0.137661
  -0.481363   0.0011075    0.876521 -0.00118016
          0           0           0           1
T_world_lidar: 
    0.80569   -0.393255    0.442961    0.407982
   0.345187    0.919429    0.188406    0.137661
  -0.481363   0.0011075    0.876521 -0.00118016
          0           0           0           1
v_world_imu:   0.0373981  -0.0785714 0.000863134
frame_17
id: 3507
stamp: 1777955686.038306236
T_odom_lidar: 
    0.812035    -0.369808     0.451488     0.414625
     0.32389     0.929107     0.178481     0.136113
   -0.485484   0.00129916     0.874244 -0.000820501
           0            0            0            1
T_world_lidar: 
    0.812035    -0.369808     0.451488     0.414625
     0.32389     0.929107     0.178481     0.136113
   -0.485484   0.00129916     0.874244 -0.000820501
           0            0            0            1
v_world_imu:  0.0241716 -0.0602965 0.00579904
frame_18
id: 3508
stamp: 1777955686.138388395
T_odom_lidar: 
    0.821614    -0.346848     0.452379     0.416201
    0.304508     0.937921     0.166072      0.13012
   -0.481897   0.00130598     0.876227 -0.000578519
           0            0            0            1
T_world_lidar: 
    0.821614    -0.346848     0.452379     0.416201
    0.304508     0.937921     0.166072      0.13012
   -0.481897   0.00130598     0.876227 -0.000578519
           0            0            0            1
v_world_imu:    0.106391  -0.0208623 0.000333918
frame_19
id: 3509
stamp: 1777955686.238592386
T_odom_lidar: 
    0.831435    -0.318789     0.455071     0.416422
      0.2809     0.947822     0.150759     0.124872
   -0.479387   0.00248353       0.8776 -0.000360096
           0            0            0            1
T_world_lidar: 
    0.831435    -0.318789     0.455071     0.416422
      0.2809     0.947822     0.150759     0.124872
   -0.479387   0.00248353       0.8776 -0.000360096
           0            0            0            1
v_world_imu: -0.0185666 -0.0700677 0.00396828
frame_20
id: 3510
stamp: 1777955686.338210583
T_odom_lidar: 
    0.83897   -0.286908    0.462399    0.419741
   0.252293    0.957956    0.136634    0.119448
  -0.482159  0.00202856    0.876081 2.87945e-05
          0           0           0           1
T_world_lidar: 
    0.83897   -0.286908    0.462399    0.419741
   0.252293    0.957956    0.136634    0.119448
  -0.482159  0.00202856    0.876081 2.87945e-05
          0           0           0           1
v_world_imu: -0.00702841  -0.0987409 -0.00120536
frame_21
id: 3511
stamp: 1777955686.438562393
T_odom_lidar: 
   0.847291   -0.253738    0.466599    0.421654
   0.223437     0.96727    0.120268    0.112143
  -0.481844  0.00235363    0.876254 0.000261206
          0           0           0           1
T_world_lidar: 
   0.847291   -0.253738    0.466599    0.421654
   0.223437     0.96727    0.120268    0.112143
  -0.481844  0.00235363    0.876254 0.000261206
          0           0           0           1
v_world_imu:  0.0027523  -0.084439 0.00197037
frame_22
id: 3512
stamp: 1777955686.539623260
T_odom_lidar: 
    0.85639   -0.213445    0.470146    0.421891
   0.188247    0.976952    0.100635    0.104567
  -0.480791  0.00232074    0.876832 0.000585183
          0           0           0           1
T_world_lidar: 
    0.85639   -0.213445    0.470146    0.421891
   0.188247    0.976952    0.100635    0.104567
  -0.480791  0.00232074    0.876832 0.000585183
          0           0           0           1
v_world_imu: 0.00225212  -0.078218 0.00294508
frame_23
id: 3513
stamp: 1777955686.639640570
T_odom_lidar: 
   0.862998   -0.175966    0.473571    0.422551
   0.155631    0.984392   0.0821639   0.0976605
  -0.480638  0.00279521    0.876915 0.000833548
          0           0           0           1
T_world_lidar: 
   0.862998   -0.175966    0.473571    0.422551
   0.155631    0.984392   0.0821639   0.0976605
  -0.480638  0.00279521    0.876915 0.000833548
          0           0           0           1
v_world_imu: -0.000325369   -0.0708801   0.00174014
frame_24
id: 3514
stamp: 1777955686.738632202
T_odom_lidar: 
  0.867969  -0.143235   0.475514   0.422847
   0.12682   0.989686  0.0666259  0.0901531
 -0.480153 0.00247546   0.877181 0.00107149
         0          0          0          1
T_world_lidar: 
  0.867969  -0.143235   0.475514   0.422847
   0.12682   0.989686  0.0666259  0.0901531
 -0.480153 0.00247546   0.877181 0.00107149
         0          0          0          1
v_world_imu:  0.0132924 -0.0817669 0.00216807
frame_25
id: 3515
stamp: 1777955686.838431835
T_odom_lidar: 
  0.871793  -0.104135   0.478678   0.424362
  0.092398    0.99456  0.0480841  0.0825943
 -0.481081 0.00230946   0.876673 0.00132067
         0          0          0          1
T_world_lidar: 
  0.871793  -0.104135   0.478678   0.424362
  0.092398    0.99456  0.0480841  0.0825943
 -0.481081 0.00230946   0.876673 0.00132067
         0          0          0          1
v_world_imu: 0.00133756 -0.0755001 0.00172435
frame_26
id: 3516
stamp: 1777955686.938276529
T_odom_lidar: 
  0.874782 -0.0612927   0.480624    0.42567
 0.0551826   0.998115  0.0268493  0.0745883
 -0.481364 0.00303484   0.876516 0.00156159
         0          0          0          1
T_world_lidar: 
  0.874782 -0.0612927   0.480624    0.42567
 0.0551826   0.998115  0.0268493  0.0745883
 -0.481364 0.00303484   0.876516 0.00156159
         0          0          0          1
v_world_imu:  0.0168397 -0.0793652 0.00408163
frame_27
id: 3517
stamp: 1777955687.038402319
T_odom_lidar: 
  0.876565 -0.0207039   0.480837   0.426418
 0.0196077   0.999781  0.0073037   0.065802
 -0.480883 0.00302597   0.876779  0.0017404
         0          0          0          1
T_world_lidar: 
  0.876565 -0.0207039   0.480837   0.426418
 0.0196077   0.999781  0.0073037   0.065802
 -0.480883 0.00302597   0.876779  0.0017404
         0          0          0          1
v_world_imu:  0.0144864 -0.0933771 0.00408146
frame_28
id: 3518
stamp: 1777955687.138669729
T_odom_lidar: 
  0.876583  0.0230193   0.480699   0.426965
-0.0187487   0.999731 -0.0136849  0.0568328
 -0.480885 0.00298341   0.876779 0.00204132
         0          0          0          1
T_world_lidar: 
  0.876583  0.0230193   0.480699   0.426965
-0.0187487   0.999731 -0.0136849  0.0568328
 -0.480885 0.00298341   0.876779 0.00204132
         0          0          0          1
v_world_imu: -0.00257432  -0.0894844  0.00563087
