id: 0
T_world_origin: 
  -0.487438    0.822839   -0.292131   -0.820629
  -0.713597   -0.568208   -0.409779   0.0729617
  -0.503174  0.00872219    0.864141 -0.00919396
          0           0           0           1
T_origin_endpoint_L: 
-0.180659 -0.711442 -0.679126 -0.352234
 0.703933 -0.575763  0.415902  0.716689
-0.686906 -0.402923  0.604825 -0.200462
        0         0         0         1
T_origin_endpoint_R: 
-0.105612 -0.764863 -0.635477 -0.228288
 0.755985 -0.476913  0.448375  0.616166
-0.646013 -0.433057  0.628593 -0.138383
        0         0         0         1
T_lidar_imu: 
     1      0      0  0.006
     0      1      0 -0.012
     0      0      1  0.008
     0      0      0      1
imu_bias:    0.0020539 -9.40132e-05  -0.00315923  -0.00377876 -0.000449751  0.000921246
frame_id: 2
num_frames: 876
frame_0
id: 0
stamp: 1777802186.045822859
T_odom_lidar: 
   0.867951 -0.00927059    0.496564 -0.00994725
  0.0104178    0.999946 0.000458968   0.0111648
  -0.496541  0.00477477       0.868 -0.00284253
          0           0           0           1
T_world_lidar: 
   0.867951 -0.00927059    0.496564 -0.00994725
  0.0104178    0.999946 0.000458968   0.0111648
  -0.496541  0.00477477       0.868 -0.00284253
          0           0           0           1
v_world_imu:  0.00290656 -0.00648456   0.0203835
frame_1
id: 1
stamp: 1777802186.144851923
T_odom_lidar: 
   0.867922  -0.0092814    0.496613 -0.00967482
  0.0105568    0.999944 0.000238402   0.0106067
  -0.496588  0.00503574    0.867972  -0.0010614
          0           0           0           1
T_world_lidar: 
   0.867922  -0.0092814    0.496613 -0.00967482
  0.0105568    0.999944 0.000238402   0.0106067
  -0.496588  0.00503574    0.867972  -0.0010614
          0           0           0           1
v_world_imu:  0.00238312 -0.00479602   0.0150197
frame_2
id: 2
stamp: 1777802186.245849133
T_odom_lidar: 
   0.867881 -0.00931786    0.496685 -0.00944337
  0.0106679    0.999943 0.000118495   0.0102539
  -0.496658  0.00519576    0.867931 0.000398667
          0           0           0           1
T_world_lidar: 
   0.867881 -0.00931786    0.496685 -0.00944337
  0.0106679    0.999943 0.000118495   0.0102539
  -0.496658  0.00519576    0.867931 0.000398667
          0           0           0           1
v_world_imu:  0.00160472 -0.00359255   0.0110271
frame_3
id: 3
stamp: 1777802186.345007896
T_odom_lidar: 
    0.867826  -0.00930853     0.496781  -0.00932945
    0.010779     0.999942 -9.32762e-05    0.0100282
   -0.496751   0.00543577     0.867876   0.00148609
           0            0            0            1
T_world_lidar: 
    0.867826  -0.00930853     0.496781  -0.00932945
    0.010779     0.999942 -9.32762e-05    0.0100282
   -0.496751   0.00543577     0.867876   0.00148609
           0            0            0            1
v_world_imu:  0.00107729 -0.00230901  0.00752912
frame_4
id: 4
stamp: 1777802186.445787191
T_odom_lidar: 
    0.867805  -0.00928359     0.496819  -0.00924794
   0.0108555     0.999941 -0.000276563   0.00997403
   -0.496787   0.00563322     0.867854   0.00223161
           0            0            0            1
T_world_lidar: 
    0.867805  -0.00928359     0.496819  -0.00924794
   0.0108555     0.999941 -0.000276563   0.00997403
   -0.496787   0.00563322     0.867854   0.00223161
           0            0            0            1
v_world_imu: 0.000624685 -0.00129997  0.00420375
frame_5
id: 5
stamp: 1777802186.546084881
T_odom_lidar: 
    0.867788  -0.00922693     0.496848  -0.00921669
   0.0109157      0.99994 -0.000495325   0.00991766
   -0.496814   0.00585326     0.867837   0.00265404
           0            0            0            1
T_world_lidar: 
    0.867788  -0.00922693     0.496848  -0.00921669
   0.0109157      0.99994 -0.000495325   0.00991766
   -0.496814   0.00585326     0.867837   0.00265404
           0            0            0            1
v_world_imu: 0.000113563 -0.00104079  0.00197804
frame_6
id: 6
stamp: 1777802186.644815207
T_odom_lidar: 
    0.867787  -0.00920035     0.496852  -0.00920114
   0.0109905     0.999939 -0.000679444    0.0100275
   -0.496816   0.00605025     0.867835   0.00281354
           0            0            0            1
T_world_lidar: 
    0.867787  -0.00920035     0.496852  -0.00920114
   0.0109905     0.999939 -0.000679444    0.0100275
   -0.496816   0.00605025     0.867835   0.00281354
           0            0            0            1
v_world_imu: -1.56498e-05 -0.000370654  0.000203591
frame_7
id: 7
stamp: 1777802186.745840073
T_odom_lidar: 
     0.86769  -0.00922004     0.497019   -0.0092906
   0.0110519     0.999939 -0.000744823    0.0101163
   -0.496982    0.0061393     0.867739   0.00275308
           0            0            0            1
T_world_lidar: 
     0.86769  -0.00922004     0.497019   -0.0092906
   0.0110519     0.999939 -0.000744823    0.0101163
   -0.496982    0.0061393     0.867739   0.00275308
           0            0            0            1
v_world_imu: -3.09162e-05   0.00013581  -0.00124912
frame_8
id: 8
stamp: 1777802186.845802069
T_odom_lidar: 
   0.867697 -0.00912557    0.497009 -0.00922979
  0.0110947    0.999938  -0.0010098   0.0103684
  -0.496969  0.00639039    0.867745  0.00242573
          0           0           0           1
T_world_lidar: 
   0.867697 -0.00912557    0.497009 -0.00922979
  0.0110947    0.999938  -0.0010098   0.0103684
  -0.496969  0.00639039    0.867745  0.00242573
          0           0           0           1
v_world_imu: -7.18338e-05  0.000165616  -0.00115454
frame_9
id: 9
stamp: 1777802186.945791006
T_odom_lidar: 
   0.867646 -0.00916838    0.497097 -0.00927377
  0.0110983    0.999938 -0.00092865   0.0103743
  -0.497058   0.0063227    0.867694  0.00223075
          0           0           0           1
T_world_lidar: 
   0.867646 -0.00916838    0.497097 -0.00927377
  0.0110983    0.999938 -0.00092865   0.0103743
  -0.497058   0.0063227    0.867694  0.00223075
          0           0           0           1
v_world_imu: -0.000450034  0.000121267  -0.00201577
frame_10
id: 10
stamp: 1777802187.045869589
T_odom_lidar: 
   0.867637 -0.00907366    0.497115 -0.00932039
  0.0110801    0.999938 -0.00108702   0.0104858
  -0.497074  0.00645121    0.867684  0.00180635
          0           0           0           1
T_world_lidar: 
   0.867637 -0.00907366    0.497115 -0.00932039
  0.0110801    0.999938 -0.00108702   0.0104858
  -0.497074  0.00645121    0.867684  0.00180635
          0           0           0           1
v_world_imu: -0.000156177  0.000359581  -0.00149299
frame_11
id: 11
stamp: 1777802187.144930601
T_odom_lidar: 
   0.867626 -0.00903717    0.497134 -0.00943092
  0.0110096    0.999939 -0.00103709   0.0105596
  -0.497095  0.00637305    0.867673  0.00145014
          0           0           0           1
T_world_lidar: 
   0.867626 -0.00903717    0.497134 -0.00943092
  0.0110096    0.999939 -0.00103709   0.0105596
  -0.497095  0.00637305    0.867673  0.00145014
          0           0           0           1
v_world_imu: -0.000113004  0.000328125    -0.001315
frame_12
id: 12
stamp: 1777802187.245923758
T_odom_lidar: 
   0.867643 -0.00903191    0.497107 -0.00943886
  0.0110534    0.999938  -0.0011246   0.0106061
  -0.497066  0.00647047    0.867689   0.0011474
          0           0           0           1
T_world_lidar: 
   0.867643 -0.00903191    0.497107 -0.00943886
  0.0110534    0.999938  -0.0011246   0.0106061
  -0.497066  0.00647047    0.867689   0.0011474
          0           0           0           1
v_world_imu: -0.000256782  1.80101e-05  -0.00118599
frame_13
id: 13
stamp: 1777802187.345935583
T_odom_lidar: 
   0.867631 -0.00901455    0.497127 -0.00947993
  0.0110195    0.999939  -0.0011001   0.0107019
  -0.497086  0.00643258    0.867677 0.000831428
          0           0           0           1
T_world_lidar: 
   0.867631 -0.00901455    0.497127 -0.00947993
  0.0110195    0.999939  -0.0011001   0.0107019
  -0.497086  0.00643258    0.867677 0.000831428
          0           0           0           1
v_world_imu:  -0.0004426 0.000157383 -0.00115475
frame_14
id: 14
stamp: 1777802187.445875883
T_odom_lidar: 
   0.867616 -0.00897676    0.497153  -0.0095087
  0.0110443    0.999938 -0.00121898   0.0107434
  -0.497112  0.00654833    0.867662 0.000561593
          0           0           0           1
T_world_lidar: 
   0.867616 -0.00897676    0.497153  -0.0095087
  0.0110443    0.999938 -0.00121898   0.0107434
  -0.497112  0.00654833    0.867662 0.000561593
          0           0           0           1
v_world_imu: -0.000488159  0.000177451 -0.000767627
frame_15
id: 15
stamp: 1777802187.546007633
T_odom_lidar: 
   0.867578  -0.0089407    0.497221 -0.00963994
  0.0109825    0.999939 -0.00118261   0.0108197
   -0.49718  0.00648673    0.867623 0.000350626
          0           0           0           1
T_world_lidar: 
   0.867578  -0.0089407    0.497221 -0.00963994
  0.0109825    0.999939 -0.00118261   0.0108197
   -0.49718  0.00648673    0.867623 0.000350626
          0           0           0           1
v_world_imu:  -0.00085927 -0.000102033  -0.00054353
frame_16
id: 16
stamp: 1777802187.645822287
T_odom_lidar: 
   0.867555 -0.00890098    0.497262 -0.00969629
  0.0110249    0.999938 -0.00133583   0.0108361
   -0.49722  0.00664116    0.867599 0.000167731
          0           0           0           1
T_world_lidar: 
   0.867555 -0.00890098    0.497262 -0.00969629
  0.0110249    0.999938 -0.00133583   0.0108361
   -0.49722  0.00664116    0.867599 0.000167731
          0           0           0           1
v_world_imu: -0.000980532 -0.000504576 -0.000328581
frame_17
id: 17
stamp: 1777802187.744987726
T_odom_lidar: 
    0.867533  -0.00890122       0.4973  -0.00978198
   0.0110372     0.999938  -0.00135633    0.0108896
   -0.497258   0.00666549     0.867577 -2.52515e-05
           0            0            0            1
T_world_lidar: 
    0.867533  -0.00890122       0.4973  -0.00978198
   0.0110372     0.999938  -0.00135633    0.0108896
   -0.497258   0.00666549     0.867577 -2.52515e-05
           0            0            0            1
v_world_imu:  -0.00118601 -0.000794315 -0.000101463
frame_18
id: 18
stamp: 1777802187.846028328
T_odom_lidar: 
    0.867507  -0.00897697     0.497343  -0.00990014
   0.0110685     0.999938  -0.00125787    0.0107916
   -0.497301   0.00659606     0.867553 -6.92562e-05
           0            0            0            1
T_world_lidar: 
    0.867507  -0.00897697     0.497343  -0.00990014
   0.0110685     0.999938  -0.00125787    0.0107916
   -0.497301   0.00659606     0.867553 -6.92562e-05
           0            0            0            1
v_world_imu: -0.000973279 -0.000961241 -0.000602404
frame_19
id: 19
stamp: 1777802187.944802046
T_odom_lidar: 
     0.86749  -0.00890568     0.497374  -0.00999092
    0.010985     0.999939  -0.00125501    0.0107512
   -0.497333   0.00655235     0.867535 -0.000259214
           0            0            0            1
T_world_lidar: 
     0.86749  -0.00890568     0.497374  -0.00999092
    0.010985     0.999939  -0.00125501    0.0107512
   -0.497333   0.00655235     0.867535 -0.000259214
           0            0            0            1
v_world_imu:  -0.00102066 -0.000923825  0.000290372
frame_20
id: 20
stamp: 1777802188.045906067
T_odom_lidar: 
    0.867451  -0.00891641     0.497442    -0.010088
   0.0109384      0.99994  -0.00115118    0.0107171
   -0.497402    0.0064398     0.867496 -0.000347642
           0            0            0            1
T_world_lidar: 
    0.867451  -0.00891641     0.497442    -0.010088
   0.0109384      0.99994  -0.00115118    0.0107171
   -0.497402    0.0064398     0.867496 -0.000347642
           0            0            0            1
v_world_imu: -0.000732895 -0.000945917  0.000353207
frame_21
id: 21
stamp: 1777802188.145810843
T_odom_lidar: 
    0.867494  -0.00892376     0.497368   -0.0100745
   0.0109923     0.999939  -0.00123158    0.0107643
   -0.497326    0.0065356     0.867539 -0.000398053
           0            0            0            1
T_world_lidar: 
    0.867494  -0.00892376     0.497368   -0.0100745
   0.0109923     0.999939  -0.00123158    0.0107643
   -0.497326    0.0065356     0.867539 -0.000398053
           0            0            0            1
v_world_imu: -0.000648098  -0.00101173  0.000412442
frame_22
id: 22
stamp: 1777802188.245801687
T_odom_lidar: 
    0.867476  -0.00890917     0.497398   -0.0101606
   0.0108911      0.99994  -0.00108396    0.0106569
   -0.497359   0.00635754     0.867522 -0.000483587
           0            0            0            1
T_world_lidar: 
    0.867476  -0.00890917     0.497398   -0.0101606
   0.0108911      0.99994  -0.00108396    0.0106569
   -0.497359   0.00635754     0.867522 -0.000483587
           0            0            0            1
v_world_imu:  -0.0005185 -0.00106727 0.000612012
frame_23
id: 23
stamp: 1777802188.344764948
T_odom_lidar: 
    0.867468  -0.00893421     0.497412    -0.010193
   0.0109556     0.999939  -0.00114579    0.0106746
   -0.497372   0.00644336     0.867513 -0.000510858
           0            0            0            1
T_world_lidar: 
    0.867468  -0.00893421     0.497412    -0.010193
   0.0109556     0.999939  -0.00114579    0.0106746
   -0.497372   0.00644336     0.867513 -0.000510858
           0            0            0            1
v_world_imu: -0.000457246 -0.000961586  0.000669487
frame_24
id: 24
stamp: 1777802188.444791079
T_odom_lidar: 
    0.867495  -0.00890491     0.497367   -0.0101133
   0.0108891      0.99994  -0.00108942    0.0106534
   -0.497327   0.00636093      0.86754 -0.000566118
           0            0            0            1
T_world_lidar: 
    0.867495  -0.00890491     0.497367   -0.0101133
   0.0108891      0.99994  -0.00108942    0.0106534
   -0.497327   0.00636093      0.86754 -0.000566118
           0            0            0            1
v_world_imu: -0.000148411 -0.000981881  0.000816091
frame_25
id: 25
stamp: 1777802188.545979023
T_odom_lidar: 
    0.867514  -0.00894595     0.497333   -0.0101289
    0.010972     0.999939  -0.00115208    0.0107112
   -0.497292   0.00645619     0.867559 -0.000586687
           0            0            0            1
T_world_lidar: 
    0.867514  -0.00894595     0.497333   -0.0101289
    0.010972     0.999939  -0.00115208    0.0107112
   -0.497292   0.00645619     0.867559 -0.000586687
           0            0            0            1
v_world_imu:   0.00014663 -0.000554504  0.000828765
frame_26
id: 26
stamp: 1777802188.644995689
T_odom_lidar: 
    0.867526  -0.00895301     0.497311   -0.0100827
   0.0109518     0.999939  -0.00110286    0.0107106
   -0.497271   0.00640319     0.867571 -0.000640978
           0            0            0            1
T_world_lidar: 
    0.867526  -0.00895301     0.497311   -0.0100827
   0.0109518     0.999939  -0.00110286    0.0107106
   -0.497271   0.00640319     0.867571 -0.000640978
           0            0            0            1
v_world_imu:  0.000340464 -0.000498998  0.000819518
frame_27
id: 27
stamp: 1777802188.744936705
T_odom_lidar: 
    0.867513  -0.00895018     0.497334   -0.0101103
   0.0109987     0.999939  -0.00119014    0.0107395
   -0.497293    0.0065025     0.867558 -0.000698625
           0            0            0            1
T_world_lidar: 
    0.867513  -0.00895018     0.497334   -0.0101103
   0.0109987     0.999939  -0.00119014    0.0107395
   -0.497293    0.0065025     0.867558 -0.000698625
           0            0            0            1
v_world_imu:  0.000170951 -0.000638328   0.00064143
frame_28
id: 28
stamp: 1777802188.844707966
T_odom_lidar: 
    0.867572  -0.00896116      0.49723  -0.00999494
   0.0110303     0.999938  -0.00122468    0.0108034
   -0.497189   0.00654708     0.867618 -0.000814459
           0            0            0            1
T_world_lidar: 
    0.867572  -0.00896116      0.49723  -0.00999494
   0.0110303     0.999938  -0.00122468    0.0108034
   -0.497189   0.00654708     0.867618 -0.000814459
           0            0            0            1
v_world_imu:  0.000576801 -0.000381123  0.000689837
frame_29
id: 29
stamp: 1777802188.945880651
T_odom_lidar: 
    0.867559  -0.00895542     0.497254    -0.010056
   0.0110225     0.999939  -0.00122233    0.0107554
   -0.497213   0.00654143     0.867604 -0.000892149
           0            0            0            1
T_world_lidar: 
    0.867559  -0.00895542     0.497254    -0.010056
   0.0110225     0.999939  -0.00122233    0.0107554
   -0.497213   0.00654143     0.867604 -0.000892149
           0            0            0            1
v_world_imu:  0.000420624 -0.000316739  0.000699919
frame_30
id: 30
stamp: 1777802189.046073198
T_odom_lidar: 
   0.867573 -0.00898358    0.497228  -0.0099608
  0.0110707    0.999938 -0.00125026   0.0107942
  -0.497186  0.00658937    0.867619 -0.00101658
          0           0           0           1
T_world_lidar: 
   0.867573 -0.00898358    0.497228  -0.0099608
  0.0110707    0.999938 -0.00125026   0.0107942
  -0.497186  0.00658937    0.867619 -0.00101658
          0           0           0           1
v_world_imu:   0.00016723 -0.000664815   0.00079977
frame_31
id: 31
stamp: 1777802189.146055222
T_odom_lidar: 
    0.86755 -0.00903199    0.497268  -0.0100512
  0.0110539    0.999938 -0.00112285   0.0107076
  -0.497227  0.00647087    0.867596 -0.00109775
          0           0           0           1
T_world_lidar: 
    0.86755 -0.00903199    0.497268  -0.0100512
  0.0110539    0.999938 -0.00112285   0.0107076
  -0.497227  0.00647087    0.867596 -0.00109775
          0           0           0           1
v_world_imu:  3.23617e-05 -0.000650996   0.00103151
frame_32
id: 32
stamp: 1777802189.245844841
T_odom_lidar: 
    0.86756 -0.00905218    0.497249  -0.0100499
  0.0110938    0.999938 -0.00115216   0.0107852
  -0.497208  0.00651594    0.867607 -0.00118585
          0           0           0           1
T_world_lidar: 
    0.86756 -0.00905218    0.497249  -0.0100499
  0.0110938    0.999938 -0.00115216   0.0107852
  -0.497208  0.00651594    0.867607 -0.00118585
          0           0           0           1
v_world_imu: 0.00025108  -0.000178 0.00124617
frame_33
id: 33
stamp: 1777802189.344481945
T_odom_lidar: 
    0.86757 -0.00908093    0.497232  -0.0100577
   0.011118    0.999938 -0.00113682   0.0107565
  -0.497191  0.00651449    0.867617  -0.0011967
          0           0           0           1
T_world_lidar: 
    0.86757 -0.00908093    0.497232  -0.0100577
   0.011118    0.999938 -0.00113682   0.0107565
  -0.497191  0.00651449    0.867617  -0.0011967
          0           0           0           1
v_world_imu:  4.98683e-05 -0.000497283   0.00141866
frame_34
id: 34
stamp: 1777802189.445052862
T_odom_lidar: 
   0.867563 -0.00903276    0.497245  -0.0100137
  0.0111018    0.999938 -0.00120526   0.0108024
  -0.497203  0.00656595    0.867609 -0.00119603
          0           0           0           1
T_world_lidar: 
   0.867563 -0.00903276    0.497245  -0.0100137
  0.0111018    0.999938 -0.00120526   0.0108024
  -0.497203  0.00656595    0.867609 -0.00119603
          0           0           0           1
v_world_imu:  0.000289543 -0.000679986   0.00168171
frame_35
id: 35
stamp: 1777802189.544893503
T_odom_lidar: 
   0.867593 -0.00902488    0.497193 -0.00996532
  0.0111157    0.999937 -0.00124618   0.0108203
  -0.497151  0.00660783    0.867639 -0.00117916
          0           0           0           1
T_world_lidar: 
   0.867593 -0.00902488    0.497193 -0.00996532
  0.0111157    0.999937 -0.00124618   0.0108203
  -0.497151  0.00660783    0.867639 -0.00117916
          0           0           0           1
v_world_imu:  0.000378065 -0.000620723   0.00183334
frame_36
id: 36
stamp: 1777802189.645855665
T_odom_lidar: 
   0.867578 -0.00903731     0.49722 -0.00997234
  0.0110794    0.999938 -0.00115737   0.0107906
  -0.497178    0.006513    0.867624 -0.00113658
          0           0           0           1
T_world_lidar: 
   0.867578 -0.00903731     0.49722 -0.00997234
  0.0110794    0.999938 -0.00115737   0.0107906
  -0.497178    0.006513    0.867624 -0.00113658
          0           0           0           1
v_world_imu:  0.000530053 -0.000538439   0.00189388
frame_37
id: 37
stamp: 1777802189.745865583
T_odom_lidar: 
   0.867568 -0.00906116    0.497236  -0.0099435
  0.0110952    0.999938 -0.00113675   0.0108298
  -0.497194  0.00650313    0.867615 -0.00110932
          0           0           0           1
T_world_lidar: 
   0.867568 -0.00906116    0.497236  -0.0099435
  0.0110952    0.999938 -0.00113675   0.0108298
  -0.497194  0.00650313    0.867615 -0.00110932
          0           0           0           1
v_world_imu:  0.000329649 -0.000929755   0.00225707
frame_38
id: 38
stamp: 1777802189.845037460
T_odom_lidar: 
    0.867545  -0.00910702     0.497275  -0.00989875
   0.0110726     0.999938  -0.00100448    0.0107382
   -0.497235   0.00637754     0.867592 -0.000942352
           0            0            0            1
T_world_lidar: 
    0.867545  -0.00910702     0.497275  -0.00989875
   0.0110726     0.999938  -0.00100448    0.0107382
   -0.497235   0.00637754     0.867592 -0.000942352
           0            0            0            1
v_world_imu:  0.000512842 -0.000791236   0.00147022
frame_39
id: 39
stamp: 1777802189.944915771
T_odom_lidar: 
    0.867573  -0.00903097     0.497228  -0.00985549
   0.0110509     0.999938  -0.00112029    0.0108088
   -0.497187   0.00646674     0.867619 -0.000940732
           0            0            0            1
T_world_lidar: 
    0.867573  -0.00903097     0.497228  -0.00985549
   0.0110509     0.999938  -0.00112029    0.0108088
   -0.497187   0.00646674     0.867619 -0.000940732
           0            0            0            1
v_world_imu:  0.000652265 -0.000517196   0.00206827
frame_40
id: 40
stamp: 1777802190.044832945
T_odom_lidar: 
    0.867581  -0.00906583     0.497213  -0.00979334
   0.0110304     0.999939  -0.00101467     0.010725
   -0.497173   0.00636478     0.867628 -0.000751545
           0            0            0            1
T_world_lidar: 
    0.867581  -0.00906583     0.497213  -0.00979334
   0.0110304     0.999939  -0.00101467     0.010725
   -0.497173   0.00636478     0.867628 -0.000751545
           0            0            0            1
v_world_imu:  0.000741398 -0.000643059   0.00157989
frame_41
id: 41
stamp: 1777802190.144805908
T_odom_lidar: 
    0.867575  -0.00901993     0.497224  -0.00977346
   0.0110515     0.999938  -0.00114358    0.0108323
   -0.497183    0.0064872     0.867621 -0.000764743
           0            0            0            1
T_world_lidar: 
    0.867575  -0.00901993     0.497224  -0.00977346
   0.0110515     0.999938  -0.00114358    0.0108323
   -0.497183    0.0064872     0.867621 -0.000764743
           0            0            0            1
v_world_imu:  0.000609441 -0.000585701   0.00177721
frame_42
id: 42
stamp: 1777802190.245871067
T_odom_lidar: 
    0.867579  -0.00905253     0.497217  -0.00969408
   0.0110992     0.999938  -0.00116148    0.0108703
   -0.497176   0.00652641     0.867625 -0.000762034
           0            0            0            1
T_world_lidar: 
    0.867579  -0.00905253     0.497217  -0.00969408
   0.0110992     0.999938  -0.00116148    0.0108703
   -0.497176   0.00652641     0.867625 -0.000762034
           0            0            0            1
v_world_imu:  0.000798447 -0.000437724     0.001795
frame_43
id: 43
stamp: 1777802190.345849991
T_odom_lidar: 
    0.867632  -0.00911425     0.497124   -0.0095895
   0.0111584     0.999937  -0.00114205    0.0108606
   -0.497082   0.00653801     0.867679 -0.000680337
           0            0            0            1
T_world_lidar: 
    0.867632  -0.00911425     0.497124   -0.0095895
   0.0111584     0.999937  -0.00114205    0.0108606
   -0.497082   0.00653801     0.867679 -0.000680337
           0            0            0            1
v_world_imu:  0.000960371 -0.000541689   0.00183099
frame_44
id: 44
stamp: 1777802190.446062565
T_odom_lidar: 
    0.867612  -0.00921807     0.497157    -0.009496
   0.0111713     0.999937 -0.000955087    0.0107798
   -0.497117   0.00638252      0.86766 -0.000496408
           0            0            0            1
T_world_lidar: 
    0.867612  -0.00921807     0.497157    -0.009496
   0.0111713     0.999937 -0.000955087    0.0107798
   -0.497117   0.00638252      0.86766 -0.000496408
           0            0            0            1
v_world_imu:  0.000660589 -0.000999839   0.00126696
frame_45
id: 45
stamp: 1777802190.544898272
T_odom_lidar: 
      0.8676   -0.0091433     0.497178  -0.00943967
   0.0111588     0.999937  -0.00108349    0.0108392
   -0.497137   0.00648797     0.867648 -0.000543836
           0            0            0            1
T_world_lidar: 
      0.8676   -0.0091433     0.497178  -0.00943967
   0.0111588     0.999937  -0.00108349    0.0108392
   -0.497137   0.00648797     0.867648 -0.000543836
           0            0            0            1
v_world_imu: 0.000590316 -0.00105491  0.00190062
frame_46
id: 46
stamp: 1777802190.644833326
T_odom_lidar: 
    0.867603  -0.00909371     0.497174  -0.00933302
   0.0111063     0.999938  -0.00109167    0.0108435
   -0.497133   0.00646891      0.86765 -0.000453289
           0            0            0            1
T_world_lidar: 
    0.867603  -0.00909371     0.497174  -0.00933302
   0.0111063     0.999938  -0.00109167    0.0108435
   -0.497133   0.00646891      0.86765 -0.000453289
           0            0            0            1
v_world_imu: 0.000779058 -0.00109234  0.00183554
frame_47
id: 47
stamp: 1777802190.744787455
T_odom_lidar: 
     0.86762  -0.00903161     0.497146  -0.00926425
   0.0110853     0.999938  -0.00118025    0.0108731
   -0.497105     0.006535     0.867666 -0.000566407
           0            0            0            1
T_world_lidar: 
     0.86762  -0.00903161     0.497146  -0.00926425
   0.0110853     0.999938  -0.00118025    0.0108731
   -0.497105     0.006535     0.867666 -0.000566407
           0            0            0            1
v_world_imu: 0.000804525 -0.00104288  0.00251644
frame_48
id: 48
stamp: 1777802190.845870256
T_odom_lidar: 
    0.86764 -0.00893189    0.497114 -0.00919505
  0.0109906    0.999939 -0.00121611   0.0110105
  -0.497072  0.00651873    0.867685 -0.00115479
          0           0           0           1
T_world_lidar: 
    0.86764 -0.00893189    0.497114 -0.00919505
  0.0109906    0.999939 -0.00121611   0.0110105
  -0.497072  0.00651873    0.867685 -0.00115479
          0           0           0           1
v_world_imu:  0.000614219 -0.000605462   0.00271352
frame_49
id: 49
stamp: 1777802190.945049047
T_odom_lidar: 
    0.867642  -0.00901239     0.497107  -0.00913144
   0.0110814     0.999938  -0.00121272    0.0109498
   -0.497065   0.00656085     0.867688 -0.000860393
           0            0            0            1
T_world_lidar: 
    0.867642  -0.00901239     0.497107  -0.00913144
   0.0110814     0.999938  -0.00121272    0.0109498
   -0.497065   0.00656085     0.867688 -0.000860393
           0            0            0            1
v_world_imu:  0.000762925 -0.000704907   0.00287012
frame_50
id: 50
stamp: 1777802191.045904160
T_odom_lidar: 
   0.867654 -0.00882612     0.49709 -0.00905862
  0.0108795     0.99994 -0.00123535    0.010873
   -0.49705  0.00647997    0.867698 -0.00231071
          0           0           0           1
T_world_lidar: 
   0.867654 -0.00882612     0.49709 -0.00905862
  0.0108795     0.99994 -0.00123535    0.010873
   -0.49705  0.00647997    0.867698 -0.00231071
          0           0           0           1
v_world_imu:  0.000504297 -0.000239031  0.000579973
frame_51
id: 51
stamp: 1777802191.145882130
T_odom_lidar: 
   0.867671  -0.0087822    0.497062 -0.00901515
  0.0108826     0.99994 -0.00132955   0.0108673
   -0.49702  0.00656295    0.867714 -0.00224509
          0           0           0           1
T_world_lidar: 
   0.867671  -0.0087822    0.497062 -0.00901515
  0.0108826     0.99994 -0.00132955   0.0108673
   -0.49702  0.00656295    0.867714 -0.00224509
          0           0           0           1
v_world_imu:  0.000121182 -5.01341e-05   0.00036212
frame_52
id: 52
stamp: 1777802191.245879412
T_odom_lidar: 
   0.867652 -0.00872306    0.497095 -0.00900957
  0.0108236    0.999941 -0.00134496   0.0108474
  -0.497054  0.00654731    0.867695 -0.00223307
          0           0           0           1
T_world_lidar: 
   0.867652 -0.00872306    0.497095 -0.00900957
  0.0108236    0.999941 -0.00134496   0.0108474
  -0.497054  0.00654731    0.867695 -0.00223307
          0           0           0           1
v_world_imu: -6.07335e-05 -0.000176383 -0.000190102
frame_53
id: 53
stamp: 1777802191.344945669
T_odom_lidar: 
   0.867692 -0.00872876    0.497026 -0.00903343
  0.0108178    0.999941 -0.00132444   0.0108309
  -0.496984  0.00652593    0.867735 -0.00225028
          0           0           0           1
T_world_lidar: 
   0.867692 -0.00872876    0.497026 -0.00903343
  0.0108178    0.999941 -0.00132444   0.0108309
  -0.496984  0.00652593    0.867735 -0.00225028
          0           0           0           1
v_world_imu: -0.000210542  -0.00010034 -8.85806e-06
frame_54
id: 54
stamp: 1777802191.444920063
T_odom_lidar: 
   0.867674 -0.00876922    0.497056 -0.00907962
  0.0108314    0.999941 -0.00126627   0.0108043
  -0.497015  0.00648251    0.867718 -0.00226569
          0           0           0           1
T_world_lidar: 
   0.867674 -0.00876922    0.497056 -0.00907962
  0.0108314    0.999941 -0.00126627   0.0108043
  -0.497015  0.00648251    0.867718 -0.00226569
          0           0           0           1
v_world_imu: -0.000288382 -0.000438393 -2.98974e-06
frame_55
id: 55
stamp: 1777802191.546138048
T_odom_lidar: 
   0.867614 -0.00874903    0.497162 -0.00914467
  0.0107619    0.999941 -0.00118406   0.0107549
  -0.497123  0.00637772    0.867657 -0.00227032
          0           0           0           1
T_world_lidar: 
   0.867614 -0.00874903    0.497162 -0.00914467
  0.0107619    0.999941 -0.00118406   0.0107549
  -0.497123  0.00637772    0.867657 -0.00227032
          0           0           0           1
v_world_imu: -0.000593773 -0.000382904  0.000271903
frame_56
id: 56
stamp: 1777802191.644814253
T_odom_lidar: 
   0.867599 -0.00874536    0.497188 -0.00918621
  0.0107912    0.999941 -0.00124223   0.0107056
  -0.497148  0.00644304    0.867642 -0.00226386
          0           0           0           1
T_world_lidar: 
   0.867599 -0.00874536    0.497188 -0.00918621
  0.0107912    0.999941 -0.00124223   0.0107056
  -0.497148  0.00644304    0.867642 -0.00226386
          0           0           0           1
v_world_imu:  -0.00016145 -0.000304836  0.000428957
frame_57
id: 57
stamp: 1777802191.745855331
T_odom_lidar: 
   0.867579 -0.00874535    0.497222  -0.0092571
  0.0107625    0.999941 -0.00119163   0.0106793
  -0.497183  0.00638521    0.867622 -0.00225874
          0           0           0           1
T_world_lidar: 
   0.867579 -0.00874535    0.497222  -0.0092571
  0.0107625    0.999941 -0.00119163   0.0106793
  -0.497183  0.00638521    0.867622 -0.00225874
          0           0           0           1
v_world_imu: -0.000415043 -0.000196786  0.000480923
frame_58
id: 58
stamp: 1777802191.845034361
T_odom_lidar: 
    0.86757 -0.00870469    0.497239 -0.00930714
  0.0107751    0.999941 -0.00129515   0.0106677
  -0.497198  0.00648144    0.867613 -0.00223042
          0           0           0           1
T_world_lidar: 
    0.86757 -0.00870469    0.497239 -0.00930714
  0.0107751    0.999941 -0.00129515   0.0106677
  -0.497198  0.00648144    0.867613 -0.00223042
          0           0           0           1
v_world_imu: -0.000169899  0.000326861  0.000729191
frame_59
id: 59
stamp: 1777802191.946080923
T_odom_lidar: 
   0.867562  -0.0086752    0.497253 -0.00935836
  0.0107169    0.999942 -0.00125269   0.0106531
  -0.497213  0.00641581    0.867605 -0.00219807
          0           0           0           1
T_world_lidar: 
   0.867562  -0.0086752    0.497253 -0.00935836
  0.0107169    0.999942 -0.00125269   0.0106531
  -0.497213  0.00641581    0.867605 -0.00219807
          0           0           0           1
v_world_imu: -0.00061206 0.000183971 0.000699147
frame_60
id: 60
stamp: 1777802192.045845032
T_odom_lidar: 
   0.867549 -0.00865502    0.497276 -0.00939243
  0.0107263    0.999942 -0.00130924   0.0106612
  -0.497235  0.00646974    0.867592 -0.00217448
          0           0           0           1
T_world_lidar: 
   0.867549 -0.00865502    0.497276 -0.00939243
  0.0107263    0.999942 -0.00130924   0.0106612
  -0.497235  0.00646974    0.867592 -0.00217448
          0           0           0           1
v_world_imu:  4.4608e-05 0.000231818 0.000510361
frame_61
id: 61
stamp: 1777802192.145987034
T_odom_lidar: 
   0.867606 -0.00863781    0.497178 -0.00940911
  0.0106753    0.999942 -0.00125643   0.0106058
  -0.497138  0.00639763    0.867648 -0.00217296
          0           0           0           1
T_world_lidar: 
   0.867606 -0.00863781    0.497178 -0.00940911
  0.0106753    0.999942 -0.00125643   0.0106058
  -0.497138  0.00639763    0.867648 -0.00217296
          0           0           0           1
v_world_imu: -0.000259204  0.000396926  0.000203812
frame_62
id: 62
stamp: 1777802192.245867729
T_odom_lidar: 
   0.867596 -0.00863848    0.497194 -0.00944275
  0.0107072    0.999942 -0.00131036   0.0106112
  -0.497154   0.0064604    0.867638 -0.00217472
          0           0           0           1
T_world_lidar: 
   0.867596 -0.00863848    0.497194 -0.00944275
  0.0107072    0.999942 -0.00131036   0.0106112
  -0.497154   0.0064604    0.867638 -0.00217472
          0           0           0           1
v_world_imu: -0.000405531  0.000201503  0.000110764
frame_63
id: 63
stamp: 1777802192.345862150
T_odom_lidar: 
   0.867579 -0.00860834    0.497225 -0.00945479
   0.010659    0.999942 -0.00128652   0.0105927
  -0.497185  0.00641608    0.867621 -0.00218043
          0           0           0           1
T_world_lidar: 
   0.867579 -0.00860834    0.497225 -0.00945479
   0.010659    0.999942 -0.00128652   0.0105927
  -0.497185  0.00641608    0.867621 -0.00218043
          0           0           0           1
v_world_imu: -0.000476912  7.31005e-05 -0.000167922
frame_64
id: 64
stamp: 1777802192.444790363
T_odom_lidar: 
   0.867596 -0.00866711    0.497193 -0.00948261
  0.0107483    0.999941 -0.00132462   0.0105914
  -0.497153  0.00649321    0.867639 -0.00219191
          0           0           0           1
T_world_lidar: 
   0.867596 -0.00866711    0.497193 -0.00948261
  0.0107483    0.999941 -0.00132462   0.0105914
  -0.497153  0.00649321    0.867639 -0.00219191
          0           0           0           1
v_world_imu: -0.000303279  0.000334819 -0.000392111
frame_65
id: 65
stamp: 1777802192.546076059
T_odom_lidar: 
    0.86759 -0.00864929    0.497204 -0.00949845
  0.0107133    0.999942 -0.00129928   0.0106162
  -0.497164  0.00645396    0.867633 -0.00221592
          0           0           0           1
T_world_lidar: 
    0.86759 -0.00864929    0.497204 -0.00949845
  0.0107133    0.999942 -0.00129928   0.0106162
  -0.497164  0.00645396    0.867633 -0.00221592
          0           0           0           1
v_world_imu: -0.000437647  0.000449285 -0.000508897
frame_66
id: 66
stamp: 1777802192.644997597
T_odom_lidar: 
   0.867555 -0.00864514    0.497266  -0.0095419
   0.010731    0.999942 -0.00133759   0.0106604
  -0.497226  0.00649662    0.867597 -0.00226596
          0           0           0           1
T_world_lidar: 
   0.867555 -0.00864514    0.497266  -0.0095419
   0.010731    0.999942 -0.00133759   0.0106604
  -0.497226  0.00649662    0.867597 -0.00226596
          0           0           0           1
v_world_imu: -0.000936911  0.000141122 -0.000944316
frame_67
id: 67
stamp: 1777802192.745006561
T_odom_lidar: 
   0.867502 -0.00862322     0.49736  -0.0095755
  0.0106971    0.999942 -0.00132101   0.0107068
   -0.49732  0.00646628    0.867543 -0.00231687
          0           0           0           1
T_world_lidar: 
   0.867502 -0.00862322     0.49736  -0.0095755
  0.0106971    0.999942 -0.00132101   0.0107068
   -0.49732  0.00646628    0.867543 -0.00231687
          0           0           0           1
v_world_imu:  -0.00017463  0.000361953 -0.000806357
frame_68
id: 68
stamp: 1777802192.844891787
T_odom_lidar: 
   0.867519 -0.00859862     0.49733 -0.00958153
  0.0107146    0.999942 -0.00140153   0.0107336
  -0.497289  0.00654455     0.86756 -0.00235706
          0           0           0           1
T_world_lidar: 
   0.867519 -0.00859862     0.49733 -0.00958153
  0.0107146    0.999942 -0.00140153   0.0107336
  -0.497289  0.00654455     0.86756 -0.00235706
          0           0           0           1
v_world_imu: -0.000653385  0.000395376  -0.00088084
frame_69
id: 69
stamp: 1777802192.944842339
T_odom_lidar: 
   0.867495 -0.00861628    0.497372 -0.00962941
  0.0107634    0.999941 -0.00145038   0.0107859
   -0.49733  0.00661159    0.867536 -0.00241086
          0           0           0           1
T_world_lidar: 
   0.867495 -0.00861628    0.497372 -0.00962941
  0.0107634    0.999941 -0.00145038   0.0107859
   -0.49733  0.00661159    0.867536 -0.00241086
          0           0           0           1
v_world_imu: -0.000825981    9.896e-05  -0.00079451
frame_70
id: 70
stamp: 1777802193.046010494
T_odom_lidar: 
   0.867489 -0.00861655    0.497381 -0.00964812
  0.0107826    0.999941 -0.00148323   0.0108187
  -0.497339  0.00664973    0.867531 -0.00246237
          0           0           0           1
T_world_lidar: 
   0.867489 -0.00861655    0.497381 -0.00964812
  0.0107826    0.999941 -0.00148323   0.0108187
  -0.497339  0.00664973    0.867531 -0.00246237
          0           0           0           1
v_world_imu: -0.000374611  0.000172526 -0.000877321
frame_71
id: 71
stamp: 1777802193.145893574
T_odom_lidar: 
   0.867505  -0.0086262    0.497354 -0.00967355
   0.010796    0.999941  -0.0014876   0.0108418
  -0.497311  0.00665991    0.867547 -0.00250861
          0           0           0           1
T_world_lidar: 
   0.867505  -0.0086262    0.497354 -0.00967355
   0.010796    0.999941  -0.0014876   0.0108418
  -0.497311  0.00665991    0.867547 -0.00250861
          0           0           0           1
v_world_imu: -0.000155176  0.000279279 -0.000951991
frame_72
id: 72
stamp: 1777802193.245906353
T_odom_lidar: 
   0.867501 -0.00862553    0.497361  -0.0096883
  0.0107926    0.999941   -0.001483    0.010853
  -0.497318  0.00665433    0.867543 -0.00256246
          0           0           0           1
T_world_lidar: 
   0.867501 -0.00862553    0.497361  -0.0096883
  0.0107926    0.999941   -0.001483    0.010853
  -0.497318  0.00665433    0.867543 -0.00256246
          0           0           0           1
v_world_imu: -0.000223915  0.000124508 -0.000707391
frame_73
id: 73
stamp: 1777802193.346000671
T_odom_lidar: 
   0.867479 -0.00862426      0.4974 -0.00971569
  0.0107579    0.999941 -0.00142439   0.0108722
  -0.497358   0.0065866     0.86752 -0.00262996
          0           0           0           1
T_world_lidar: 
   0.867479 -0.00862426      0.4974 -0.00971569
  0.0107579    0.999941 -0.00142439   0.0108722
  -0.497358   0.0065866     0.86752 -0.00262996
          0           0           0           1
v_world_imu: -0.000309294 -0.000146988 -0.000689214
frame_74
id: 74
stamp: 1777802193.444906235
T_odom_lidar: 
   0.867505 -0.00861937    0.497354 -0.00971161
  0.0107474    0.999941 -0.00141658   0.0108515
  -0.497312  0.00657414    0.867547  -0.0027014
          0           0           0           1
T_world_lidar: 
   0.867505 -0.00861937    0.497354 -0.00971161
  0.0107474    0.999941 -0.00141658   0.0108515
  -0.497312  0.00657414    0.867547  -0.0027014
          0           0           0           1
