id: 5
T_world_origin: 
   0.848353    0.266632    0.457389    -0.21739
  -0.230123    0.963754   -0.134989     0.27989
  -0.476803   0.0092625    0.878961 -0.00154143
          0           0           0           1
T_origin_endpoint_L: 
    0.999111    0.0421536 -0.000578729     0.295978
  -0.0421566       0.9989   -0.0205557   -0.0578713
-0.000288407    0.0205619     0.999789     0.167344
           0            0            0            1
T_origin_endpoint_R: 
  0.988315  -0.152379 -0.0036583  0.0129221
  0.152137   0.984711  0.0848489  0.0389894
-0.0093268 -0.0844141   0.996387 0.00433041
         0          0          0          1
T_lidar_imu: 
     1      0      0  0.006
     0      1      0 -0.012
     0      0      1  0.008
     0      0      0      1
imu_bias:  0.00494345 0.000303355 -0.00895789 -0.00527245 -0.00114509  0.00147581
frame_id: 2
num_frames: 81
frame_0
id: 3574
stamp: 1777955692.738486052
T_odom_lidar: 
  0.834807   0.311068   0.454239  0.0902103
 -0.269694   0.950361  -0.155172   0.148205
  -0.47996 0.00703285   0.877262 0.00048071
         0          0          0          1
T_world_lidar: 
  0.834807   0.311068   0.454239  0.0902103
 -0.269694   0.950361  -0.155172   0.148205
  -0.47996 0.00703285   0.877262 0.00048071
         0          0          0          1
v_world_imu:  -0.0712694   0.0194845 -0.00148939
frame_1
id: 3575
stamp: 1777955692.838445425
T_odom_lidar: 
   0.835939    0.307883    0.454328   0.0858964
  -0.266727    0.951394   -0.153965    0.149409
  -0.479648  0.00752355    0.877429 0.000595415
          0           0           0           1
T_world_lidar: 
   0.835939    0.307883    0.454328   0.0858964
  -0.266727    0.951394   -0.153965    0.149409
  -0.479648  0.00752355    0.877429 0.000595415
          0           0           0           1
v_world_imu:  -0.0277806 8.70453e-05 -0.00111833
frame_2
id: 3576
stamp: 1777955692.938271046
T_odom_lidar: 
   0.834657    0.307992    0.456606   0.0886208
  -0.266572    0.951362   -0.154434    0.148677
  -0.481962   0.0071813    0.876163 0.000441124
          0           0           0           1
T_world_lidar: 
   0.834657    0.307992    0.456606   0.0886208
  -0.266572    0.951362   -0.154434    0.148677
  -0.481962   0.0071813    0.876163 0.000441124
          0           0           0           1
v_world_imu:   0.0410222  -0.0144735 0.000398033
frame_3
id: 3577
stamp: 1777955693.038712502
T_odom_lidar: 
   0.834658    0.310033    0.455221   0.0880233
  -0.268571    0.950699   -0.155051    0.149719
   -0.48085  0.00715543    0.876774 0.000448814
          0           0           0           1
T_world_lidar: 
   0.834658    0.310033    0.455221   0.0880233
  -0.268571    0.950699   -0.155051    0.149719
   -0.48085  0.00715543    0.876774 0.000448814
          0           0           0           1
v_world_imu: -0.00859432 -0.00730721 0.000800288
frame_4
id: 3578
stamp: 1777955693.138498783
T_odom_lidar: 
  0.835715   0.307637   0.454907  0.0865733
 -0.266652   0.951478  -0.153579   0.149573
 -0.480081 0.00704584   0.877196 0.00051804
         0          0          0          1
T_world_lidar: 
  0.835715   0.307637   0.454907  0.0865733
 -0.266652   0.951478  -0.153579   0.149573
 -0.480081 0.00704584   0.877196 0.00051804
         0          0          0          1
v_world_imu:  0.00262123 -0.00388675 0.000693394
frame_5
id: 3579
stamp: 1777955693.238572598
T_odom_lidar: 
  0.835005   0.309071   0.455238  0.0874034
 -0.267757   0.951012  -0.154538   0.149808
   -0.4807 0.00714682   0.876856 0.00063888
         0          0          0          1
T_world_lidar: 
  0.835005   0.309071   0.455238  0.0874034
 -0.267757   0.951012  -0.154538   0.149808
   -0.4807 0.00714682   0.876856 0.00063888
         0          0          0          1
v_world_imu:  0.0129309 0.00252462 0.00117751
frame_6
id: 3580
stamp: 1777955693.338561058
T_odom_lidar: 
   0.834886    0.309541    0.455137   0.0876019
  -0.268227     0.95086    -0.15466    0.149814
  -0.480645  0.00704339    0.876887 0.000746457
          0           0           0           1
T_world_lidar: 
   0.834886    0.309541    0.455137   0.0876019
  -0.268227     0.95086    -0.15466    0.149814
  -0.480645  0.00704339    0.876887 0.000746457
          0           0           0           1
v_world_imu:  0.00421597 -0.00351997  0.00187775
frame_7
id: 3581
stamp: 1777955693.438578367
T_odom_lidar: 
   0.835723    0.308035    0.454623   0.0863969
  -0.266972    0.951348   -0.153828    0.149958
  -0.479889  0.00718614      0.8773 0.000882512
          0           0           0           1
T_world_lidar: 
   0.835723    0.308035    0.454623   0.0863969
  -0.266972    0.951348   -0.153828    0.149958
  -0.479889  0.00718614      0.8773 0.000882512
          0           0           0           1
v_world_imu: -0.000699178   0.00173628   0.00211995
frame_8
id: 3582
stamp: 1777955693.538256645
T_odom_lidar: 
   0.835136    0.309099    0.454979   0.0871495
  -0.267834    0.951003   -0.154461    0.149947
   -0.48043  0.00713715    0.877004 0.000839681
          0           0           0           1
T_world_lidar: 
   0.835136    0.309099    0.454979   0.0871495
  -0.267834    0.951003   -0.154461    0.149947
   -0.48043  0.00713715    0.877004 0.000839681
          0           0           0           1
v_world_imu:   0.0205506 -0.00598078  0.00162718
frame_9
id: 3583
stamp: 1777955693.638516188
T_odom_lidar: 
   0.835261    0.309079    0.454763    0.087189
  -0.267859     0.95101   -0.154377    0.149894
  -0.480199   0.0071326    0.877131 0.000921608
          0           0           0           1
T_world_lidar: 
   0.835261    0.309079    0.454763    0.087189
  -0.267859     0.95101   -0.154377    0.149894
  -0.480199   0.0071326    0.877131 0.000921608
          0           0           0           1
v_world_imu: -0.00507653  0.00272142   0.0020529
frame_10
id: 3584
stamp: 1777955693.738358974
T_odom_lidar: 
   0.835664     0.30829    0.454558    0.086441
  -0.267159    0.951265   -0.154017    0.150162
  -0.479887   0.0072669      0.8773 0.000999605
          0           0           0           1
T_world_lidar: 
   0.835664     0.30829    0.454558    0.086441
  -0.267159    0.951265   -0.154017    0.150162
  -0.479887   0.0072669      0.8773 0.000999605
          0           0           0           1
v_world_imu: -0.00101883 -0.00235875   0.0019625
frame_11
id: 3585
stamp: 1777955693.838376045
T_odom_lidar: 
  0.835208   0.308786   0.455059  0.0871546
 -0.267538   0.951105  -0.154348   0.149935
  -0.48047 0.00716737   0.876982 0.00100872
         0          0          0          1
T_world_lidar: 
  0.835208   0.308786   0.455059  0.0871546
 -0.267538   0.951105  -0.154348   0.149935
  -0.48047 0.00716737   0.876982 0.00100872
         0          0          0          1
v_world_imu: 0.000906601   0.0029725  0.00125515
frame_12
id: 3586
stamp: 1777955693.938665867
T_odom_lidar: 
   0.835234    0.308834    0.454979   0.0869687
  -0.267593    0.951089   -0.154348    0.150055
  -0.480393  0.00716746    0.877024 0.000936363
          0           0           0           1
T_world_lidar: 
   0.835234    0.308834    0.454979   0.0869687
  -0.267593    0.951089   -0.154348    0.150055
  -0.480393  0.00716746    0.877024 0.000936363
          0           0           0           1
v_world_imu:  -0.00554534 -0.000373682   0.00230283
frame_13
id: 3587
stamp: 1777955694.038569927
T_odom_lidar: 
  0.835463   0.308468   0.454806  0.0867809
  -0.26735   0.951208  -0.154037   0.149975
 -0.480131 0.00709974   0.877168 0.00100488
         0          0          0          1
T_world_lidar: 
  0.835463   0.308468   0.454806  0.0867809
  -0.26735   0.951208  -0.154037   0.149975
 -0.480131 0.00709974   0.877168 0.00100488
         0          0          0          1
v_world_imu:  0.00543808 -0.00260905  0.00139287
frame_14
id: 3588
stamp: 1777955694.138341904
T_odom_lidar: 
  0.835226   0.308908   0.454944  0.0868741
 -0.267669   0.951065  -0.154366   0.150195
 -0.480366 0.00715569   0.877039 0.00098484
         0          0          0          1
T_world_lidar: 
  0.835226   0.308908   0.454944  0.0868741
 -0.267669   0.951065  -0.154366   0.150195
 -0.480366 0.00715569   0.877039 0.00098484
         0          0          0          1
v_world_imu:  0.00586593 -0.00136739  0.00100358
frame_15
id: 3589
stamp: 1777955694.238278627
T_odom_lidar: 
   0.835338    0.308707    0.454874     0.08699
  -0.267527     0.95113   -0.154209    0.150067
  -0.480249  0.00712562    0.877103 0.000817669
          0           0           0           1
T_world_lidar: 
   0.835338    0.308707    0.454874     0.08699
  -0.267527     0.95113   -0.154209    0.150067
  -0.480249  0.00712562    0.877103 0.000817669
          0           0           0           1
v_world_imu:   0.00169942 -0.000783642    0.0012547
frame_16
id: 3590
stamp: 1777955694.338696718
T_odom_lidar: 
   0.835403    0.308706    0.454755    0.086949
  -0.267534    0.951131   -0.154193    0.150052
  -0.480132  0.00715095    0.877167 0.000763724
          0           0           0           1
T_world_lidar: 
   0.835403    0.308706    0.454755    0.086949
  -0.267534    0.951131   -0.154193    0.150052
  -0.480132  0.00715095    0.877167 0.000763724
          0           0           0           1
v_world_imu:   0.00426435 -0.000387912   0.00125187
frame_17
id: 3591
stamp: 1777955694.438676357
T_odom_lidar: 
   0.835174    0.309009    0.454971   0.0871261
   -0.26772    0.951032    -0.15448     0.15019
  -0.480427   0.0072129    0.877005 -0.00031687
          0           0           0           1
T_world_lidar: 
   0.835174    0.309009    0.454971   0.0871261
   -0.26772    0.951032    -0.15448     0.15019
  -0.480427   0.0072129    0.877005 -0.00031687
          0           0           0           1
v_world_imu: 0.00303909 0.00060347 0.00188569
frame_18
id: 3592
stamp: 1777955694.538658619
T_odom_lidar: 
    0.834862     0.308867     0.455639    0.0874148
   -0.267578     0.951079    -0.154435     0.150162
   -0.481049   0.00701248     0.876666 -0.000206727
           0            0            0            1
T_world_lidar: 
    0.834862     0.308867     0.455639    0.0874148
   -0.267578     0.951079    -0.154435     0.150162
   -0.481049   0.00701248     0.876666 -0.000206727
           0            0            0            1
v_world_imu: 0.00409802 0.00438474 0.00264363
frame_19
id: 3593
stamp: 1777955694.638662338
T_odom_lidar: 
   0.834457    0.308539    0.456603   0.0810177
  -0.266992    0.951184   -0.154805    0.153322
  -0.482077  0.00726893    0.876099 0.000146918
          0           0           0           1
T_world_lidar: 
   0.834457    0.308539    0.456603   0.0810177
  -0.266992    0.951184   -0.154805    0.153322
  -0.482077  0.00726893    0.876099 0.000146918
          0           0           0           1
v_world_imu:  -0.151624  0.0678319 0.00803105
frame_20
id: 3594
stamp: 1777955694.738682270
T_odom_lidar: 
    0.835376     0.307944     0.455321    0.0667134
   -0.266752     0.951377    -0.154029     0.158529
   -0.480615   0.00721432     0.876902 -0.000783934
           0            0            0            1
T_world_lidar: 
    0.835376     0.307944     0.455321    0.0667134
   -0.266752     0.951377    -0.154029     0.158529
   -0.480615   0.00721432     0.876902 -0.000783934
           0            0            0            1
v_world_imu:   -0.122902   0.0303942 0.000152523
frame_21
id: 3595
stamp: 1777955694.838616371
T_odom_lidar: 
    0.836885      0.30631      0.45365    0.0520306
   -0.265691     0.951905    -0.152596     0.165691
   -0.478573    0.0071745     0.878018 -0.000857638
           0            0            0            1
T_world_lidar: 
    0.836885      0.30631      0.45365    0.0520306
   -0.265691     0.951905    -0.152596     0.165691
   -0.478573    0.0071745     0.878018 -0.000857638
           0            0            0            1
v_world_imu:   -0.120149   0.0671511 0.000864119
frame_22
id: 3596
stamp: 1777955694.938699722
T_odom_lidar: 
    0.836722     0.304272     0.455318    0.0381788
   -0.263376     0.952554    -0.152559     0.173022
   -0.480134   0.00773008     0.877161 -0.000780248
           0            0            0            1
T_world_lidar: 
    0.836722     0.304272     0.455318    0.0381788
   -0.263376     0.952554    -0.152559     0.173022
   -0.480134   0.00773008     0.877161 -0.000780248
           0            0            0            1
v_world_imu:  -0.187479  0.0758264 0.00103167
frame_23
id: 3597
stamp: 1777955695.038665533
T_odom_lidar: 
    0.838541     0.304313     0.451932    0.0206854
    -0.26412     0.952542    -0.151339     0.179616
   -0.476538   0.00753949     0.879121 -0.000693445
           0            0            0            1
T_world_lidar: 
    0.838541     0.304313     0.451932    0.0206854
    -0.26412     0.952542    -0.151339     0.179616
   -0.476538   0.00753949     0.879121 -0.000693445
           0            0            0            1
v_world_imu:    -0.134477    0.0535627 -0.000837974
frame_24
id: 3598
stamp: 1777955695.138611794
T_odom_lidar: 
     0.83881     0.300141     0.454218   0.00966105
   -0.259667     0.953857    -0.150767     0.183844
    -0.47851   0.00851964     0.878041 -0.000576105
           0            0            0            1
T_world_lidar: 
     0.83881     0.300141     0.454218   0.00966105
   -0.259667     0.953857    -0.150767     0.183844
    -0.47851   0.00851964     0.878041 -0.000576105
           0            0            0            1
v_world_imu:    -0.11641   0.0454354 -0.00011842
frame_25
id: 3599
stamp: 1777955695.238475561
T_odom_lidar: 
    0.837038      0.30323     0.455433  -0.00260968
   -0.262055     0.952879    -0.152803     0.189024
   -0.480307   0.00855324     0.877059 -0.000542555
           0            0            0            1
T_world_lidar: 
    0.837038      0.30323     0.455433  -0.00260968
   -0.262055     0.952879    -0.152803     0.189024
   -0.480307   0.00855324     0.877059 -0.000542555
           0            0            0            1
v_world_imu:   -0.178079   0.0898129 0.000732362
frame_26
id: 3600
stamp: 1777955695.338552713
T_odom_lidar: 
    0.839886     0.298144     0.453543   -0.0240127
   -0.258006     0.954481     -0.14966     0.198292
   -0.477518   0.00868021     0.878579 -0.000848717
           0            0            0            1
T_world_lidar: 
    0.839886     0.298144     0.453543   -0.0240127
   -0.258006     0.954481     -0.14966     0.198292
   -0.477518   0.00868021     0.878579 -0.000848717
           0            0            0            1
v_world_imu:    -0.190308     0.101006 -0.000348705
frame_27
id: 3601
stamp: 1777955695.438525915
T_odom_lidar: 
   0.839885    0.290873    0.458243  -0.0421738
  -0.250393    0.956711    -0.14835     0.20903
  -0.481557   0.0098563    0.876359 -0.00110724
          0           0           0           1
T_world_lidar: 
   0.839885    0.290873    0.458243  -0.0421738
  -0.250393    0.956711    -0.14835     0.20903
  -0.481557   0.0098563    0.876359 -0.00110724
          0           0           0           1
v_world_imu:   -0.191995    0.110297 -0.00353833
frame_28
id: 3602
stamp: 1777955695.538403511
T_odom_lidar: 
   0.840541     0.29404    0.455006  -0.0641062
  -0.254382    0.955756   -0.147718    0.220359
   -0.47831  0.00841758    0.878151 -0.00152297
          0           0           0           1
T_world_lidar: 
   0.840541     0.29404    0.455006  -0.0641062
  -0.254382    0.955756   -0.147718    0.220359
   -0.47831  0.00841758    0.878151 -0.00152297
          0           0           0           1
v_world_imu:   -0.224977    0.134938 -0.00330485
frame_29
id: 3603
stamp: 1777955695.638718605
T_odom_lidar: 
    0.84159    0.286607    0.457802   -0.081498
  -0.247468     0.95801   -0.144835    0.227513
   -0.48009  0.00860048    0.877177 -0.00191396
          0           0           0           1
T_world_lidar: 
    0.84159    0.286607    0.457802   -0.081498
  -0.247468     0.95801   -0.144835    0.227513
   -0.48009  0.00860048    0.877177 -0.00191396
          0           0           0           1
v_world_imu:   -0.149116    0.056145 -0.00944119
frame_30
id: 3604
stamp: 1777955695.738437653
T_odom_lidar: 
   0.841101    0.287941    0.457864   -0.101083
  -0.248445    0.957607   -0.145823    0.237491
  -0.480442  0.00889806    0.876981 -0.00207798
          0           0           0           1
T_world_lidar: 
   0.841101    0.287941    0.457864   -0.101083
  -0.248445    0.957607   -0.145823    0.237491
  -0.480442  0.00889806    0.876981 -0.00207798
          0           0           0           1
v_world_imu:  -0.208128   0.106553 0.00629894
frame_31
id: 3605
stamp: 1777955695.838591337
T_odom_lidar: 
   0.843219    0.285668    0.455384   -0.126056
  -0.246832    0.958285   -0.144095     0.24776
  -0.477551  0.00910075    0.878557 -0.00213892
          0           0           0           1
T_world_lidar: 
   0.843219    0.285668    0.455384   -0.126056
  -0.246832    0.958285   -0.144095     0.24776
  -0.477551  0.00910075    0.878557 -0.00213892
          0           0           0           1
v_world_imu:   -0.238242   0.0870066 -0.00861681
frame_32
id: 3606
stamp: 1777955695.938554287
T_odom_lidar: 
   0.844254    0.277449    0.458537   -0.145999
  -0.238594    0.960683   -0.141987    0.255478
  -0.479903   0.0104689    0.877259 -0.00238426
          0           0           0           1
T_world_lidar: 
   0.844254    0.277449    0.458537   -0.145999
  -0.238594    0.960683   -0.141987    0.255478
  -0.479903   0.0104689    0.877259 -0.00238426
          0           0           0           1
v_world_imu:    -0.216563    0.0888621 -0.000328034
frame_33
id: 3607
stamp: 1777955696.038518667
T_odom_lidar: 
   0.844035     0.27865    0.458213   -0.167392
  -0.239606    0.960334   -0.142643    0.265705
  -0.479785   0.0106051    0.877322 -0.00227061
          0           0           0           1
T_world_lidar: 
   0.844035     0.27865    0.458213   -0.167392
  -0.239606    0.960334   -0.142643    0.265705
  -0.479785   0.0106051    0.877322 -0.00227061
          0           0           0           1
v_world_imu:   -0.197288    0.075217 0.000482693
frame_34
id: 3608
stamp: 1777955696.138759375
T_odom_lidar: 
   0.846362     0.27327    0.457159   -0.189122
  -0.235483    0.961885   -0.139013    0.275307
  -0.477723   0.0100023    0.878454 -0.00248814
          0           0           0           1
T_world_lidar: 
   0.846362     0.27327    0.457159   -0.189122
  -0.235483    0.961885   -0.139013    0.275307
  -0.477723   0.0100023    0.878454 -0.00248814
          0           0           0           1
v_world_imu:   -0.214965    0.116088 -0.00630248
frame_35
id: 3609
stamp: 1777955696.238644123
T_odom_lidar: 
  0.846795   0.267168   0.459957  -0.203001
 -0.229891     0.9636  -0.136475   0.284611
 -0.479676 0.00982653   0.877391 -0.0027617
         0          0          0          1
T_world_lidar: 
  0.846795   0.267168   0.459957  -0.203001
 -0.229891     0.9636  -0.136475   0.284611
 -0.479676 0.00982653   0.877391 -0.0027617
         0          0          0          1
v_world_imu:  -0.117359  0.0712071 0.00311118
frame_36
id: 3610
stamp: 1777955696.338661671
T_odom_lidar: 
   0.84572   0.270785   0.459819  -0.213487
 -0.233466   0.962599  -0.137469   0.290112
 -0.479846 0.00890803   0.877308 -0.0027514
         0          0          0          1
T_world_lidar: 
   0.84572   0.270785   0.459819  -0.213487
 -0.233466   0.962599  -0.137469   0.290112
 -0.479846 0.00890803   0.877308 -0.0027514
         0          0          0          1
v_world_imu:  -0.0943898   0.0381252 0.000293497
frame_37
id: 3611
stamp: 1777955696.438544989
T_odom_lidar: 
   0.847662    0.266524    0.458731   -0.221954
  -0.229967    0.963787    -0.13502    0.292903
  -0.478105  0.00895828    0.878257 -0.00294795
          0           0           0           1
T_world_lidar: 
   0.847662    0.266524    0.458731   -0.221954
  -0.229967    0.963787    -0.13502    0.292903
  -0.478105  0.00895828    0.878257 -0.00294795
          0           0           0           1
v_world_imu:  -0.0360569   0.0300538 -0.00503992
frame_38
id: 3612
stamp: 1777955696.538362980
T_odom_lidar: 
  0.847017   0.267493   0.459358  -0.222979
  -0.23055   0.963515  -0.135961   0.294907
 -0.478967 0.00925611   0.877784 -0.0033136
         0          0          0          1
T_world_lidar: 
  0.847017   0.267493   0.459358  -0.222979
  -0.23055   0.963515  -0.135961   0.294907
 -0.478967 0.00925611   0.877784 -0.0033136
         0          0          0          1
v_world_imu:    0.0292815   0.00571627 -0.000699938
frame_39
id: 3613
stamp: 1777955696.638200283
T_odom_lidar: 
   0.845904    0.267626    0.461327   -0.220586
  -0.230406    0.963479   -0.136457    0.293915
  -0.480998  0.00913763    0.876674 -0.00364207
          0           0           0           1
T_world_lidar: 
   0.845904    0.267626    0.461327   -0.220586
  -0.230406    0.963479   -0.136457    0.293915
  -0.480998  0.00913763    0.876674 -0.00364207
          0           0           0           1
v_world_imu: -0.00971238 -0.00633952 -0.00227147
frame_40
id: 3614
stamp: 1777955696.738748789
T_odom_lidar: 
   0.846915    0.266196    0.460299   -0.222741
  -0.229303    0.963875    -0.13552    0.294295
  -0.479745  0.00922585    0.877359 -0.00378799
          0           0           0           1
T_world_lidar: 
   0.846915    0.266196    0.460299   -0.222741
  -0.229303    0.963875    -0.13552    0.294295
  -0.479745  0.00922585    0.877359 -0.00378799
          0           0           0           1
v_world_imu:  -0.0288101   0.0104223 -0.00066188
frame_41
id: 3615
stamp: 1777955696.838243484
T_odom_lidar: 
    0.84608    0.267327    0.461178   -0.221499
  -0.230142    0.963562    -0.13632    0.294364
  -0.480816  0.00920056    0.876773 -0.00396255
          0           0           0           1
T_world_lidar: 
    0.84608    0.267327    0.461178   -0.221499
  -0.230142    0.963562    -0.13632    0.294364
  -0.480816  0.00920056    0.876773 -0.00396255
          0           0           0           1
v_world_imu:   0.0313552  -0.0105682 7.94509e-05
frame_42
id: 3616
stamp: 1777955696.938577890
T_odom_lidar: 
   0.846377    0.267178    0.460719   -0.222062
   -0.23012    0.963604    -0.13606    0.294414
  -0.480303  0.00913708    0.877055 -0.00409071
          0           0           0           1
T_world_lidar: 
   0.846377    0.267178    0.460719   -0.222062
   -0.23012    0.963604    -0.13606    0.294414
  -0.480303  0.00913708    0.877055 -0.00409071
          0           0           0           1
v_world_imu:  -0.0189508 -0.00118248  0.00115143
frame_43
id: 3617
stamp: 1777955697.038561344
T_odom_lidar: 
   0.846754     0.26662    0.460349   -0.222722
  -0.229665    0.963758   -0.135739    0.294455
  -0.479856  0.00921121    0.877299 -0.00419143
          0           0           0           1
T_world_lidar: 
   0.846754     0.26662    0.460349   -0.222722
  -0.229665    0.963758   -0.135739    0.294455
  -0.479856  0.00921121    0.877299 -0.00419143
          0           0           0           1
v_world_imu:    0.0217792  -0.00425601 -0.000755819
frame_44
id: 3618
stamp: 1777955697.138716221
T_odom_lidar: 
   0.846174    0.267541    0.460881   -0.221876
  -0.230361    0.963502   -0.136372    0.294494
  -0.480545  0.00922519    0.876922 -0.00427736
          0           0           0           1
T_world_lidar: 
   0.846174    0.267541    0.460881   -0.221876
  -0.230361    0.963502   -0.136372    0.294494
  -0.480545  0.00922519    0.876922 -0.00427736
          0           0           0           1
v_world_imu:   -0.0108657   0.00454038 -0.000139979
frame_45
id: 3619
stamp: 1777955697.238703251
T_odom_lidar: 
    0.84669    0.266857    0.460329   -0.222869
  -0.229849    0.963692   -0.135896    0.294489
   -0.47988   0.0092555    0.877285 -0.00432319
          0           0           0           1
T_world_lidar: 
    0.84669    0.266857    0.460329   -0.222869
  -0.229849    0.963692   -0.135896    0.294489
   -0.47988   0.0092555    0.877285 -0.00432319
          0           0           0           1
v_world_imu:   0.00188838  -0.00461427 -0.000697108
frame_46
id: 3620
stamp: 1777955697.338674784
T_odom_lidar: 
   0.846326    0.267071    0.460874   -0.222362
  -0.229913    0.963632   -0.136213    0.294389
  -0.480492  0.00932003     0.87695 -0.00437735
          0           0           0           1
T_world_lidar: 
   0.846326    0.267071    0.460874   -0.222362
  -0.229913    0.963632   -0.136213    0.294389
  -0.480492  0.00932003     0.87695 -0.00437735
          0           0           0           1
v_world_imu: 7.96875e-05    0.003668 -0.00131368
frame_47
id: 3621
stamp: 1777955697.438541889
T_odom_lidar: 
   0.846305    0.267411    0.460716   -0.222646
   -0.23025    0.963538   -0.136306     0.29454
  -0.480367  0.00927622    0.877018 -0.00442145
          0           0           0           1
T_world_lidar: 
   0.846305    0.267411    0.460716   -0.222646
   -0.23025    0.963538   -0.136306     0.29454
  -0.480367  0.00927622    0.877018 -0.00442145
          0           0           0           1
v_world_imu:   -0.003589 -0.00326033 -0.00167487
frame_48
id: 3622
stamp: 1777955697.538525105
T_odom_lidar: 
   0.846546    0.266724    0.460671   -0.222836
  -0.229645    0.963728   -0.135985    0.294304
  -0.480232  0.00932726    0.877092 -0.00446881
          0           0           0           1
T_world_lidar: 
   0.846546    0.266724    0.460671   -0.222836
  -0.229645    0.963728   -0.135985    0.294304
  -0.480232  0.00932726    0.877092 -0.00446881
          0           0           0           1
v_world_imu: 0.000102689 0.000717983 -0.00135169
frame_49
id: 3623
stamp: 1777955697.638337135
T_odom_lidar: 
   0.846293    0.267541    0.460662   -0.222629
  -0.230338    0.963501   -0.136418    0.294485
  -0.480346  0.00934143    0.877029 -0.00444607
          0           0           0           1
T_world_lidar: 
   0.846293    0.267541    0.460662   -0.222629
  -0.230338    0.963501   -0.136418    0.294485
  -0.480346  0.00934143    0.877029 -0.00444607
          0           0           0           1
v_world_imu:   0.00159178 -0.000775811 -0.000855406
frame_50
id: 3624
stamp: 1777955697.738243341
T_odom_lidar: 
   0.846513    0.266973    0.460587   -0.222849
  -0.229945     0.96366   -0.135957    0.294328
  -0.480146  0.00917922    0.877141 -0.00441252
          0           0           0           1
T_world_lidar: 
   0.846513    0.266973    0.460587   -0.222849
  -0.229945     0.96366   -0.135957    0.294328
  -0.480146  0.00917922    0.877141 -0.00441252
          0           0           0           1
v_world_imu:  -0.00543142   -0.0013694 -0.000400217
frame_51
id: 3625
stamp: 1777955697.838387012
T_odom_lidar: 
   0.846528    0.267121    0.460475   -0.222912
  -0.230062    0.963619   -0.136051    0.294389
  -0.480065   0.0092333    0.877185 -0.00436381
          0           0           0           1
T_world_lidar: 
   0.846528    0.267121    0.460475   -0.222912
  -0.230062    0.963619   -0.136051    0.294389
  -0.480065   0.0092333    0.877185 -0.00436381
          0           0           0           1
v_world_imu:   0.00440247  0.000859411 -0.000290211
frame_52
id: 3626
stamp: 1777955697.938617945
T_odom_lidar: 
   0.846352     0.26727    0.460712   -0.222757
  -0.230186    0.963578   -0.136132    0.294347
  -0.480316  0.00916582    0.877048 -0.00433825
          0           0           0           1
T_world_lidar: 
   0.846352     0.26727    0.460712   -0.222757
  -0.230186    0.963578   -0.136132    0.294347
  -0.480316  0.00916582    0.877048 -0.00433825
          0           0           0           1
v_world_imu:  -0.00567801  -0.00043048 -0.000453302
frame_53
id: 3627
stamp: 1777955698.038877964
T_odom_lidar: 
   0.846538    0.266924    0.460571   -0.223192
  -0.229975    0.963675   -0.135801    0.294313
  -0.480089  0.00904073    0.877173 -0.00432084
          0           0           0           1
T_world_lidar: 
   0.846538    0.266924    0.460571   -0.223192
  -0.229975    0.963675   -0.135801    0.294313
  -0.480089  0.00904073    0.877173 -0.00432084
          0           0           0           1
v_world_imu:  0.000627972 -0.000708937 -0.000456009
frame_54
id: 3628
stamp: 1777955698.138250828
T_odom_lidar: 
   0.846285    0.267238    0.460853   -0.222931
  -0.230187    0.963588    -0.13606    0.294312
  -0.480433  0.00906358    0.876985 -0.00432389
          0           0           0           1
T_world_lidar: 
   0.846285    0.267238    0.460853   -0.222931
  -0.230187    0.963588    -0.13606    0.294312
  -0.480433  0.00906358    0.876985 -0.00432389
          0           0           0           1
v_world_imu: -2.76139e-05  0.000539281  0.000131756
frame_55
id: 3629
stamp: 1777955698.238464832
T_odom_lidar: 
   0.846446    0.267152    0.460608   -0.223286
  -0.230188    0.963613   -0.135884    0.294272
  -0.480149  0.00899213    0.877141 -0.00433584
          0           0           0           1
T_world_lidar: 
   0.846446    0.267152    0.460608   -0.223286
  -0.230188    0.963613   -0.135884    0.294272
  -0.480149  0.00899213    0.877141 -0.00433584
          0           0           0           1
v_world_imu:    -0.004273 -0.000776436  0.000267503
frame_56
id: 3630
stamp: 1777955698.338670254
T_odom_lidar: 
   0.846357    0.267117     0.46079    -0.22333
  -0.230131    0.963622   -0.135913    0.294272
  -0.480332  0.00898868    0.877041 -0.00432199
          0           0           0           1
T_world_lidar: 
   0.846357    0.267117     0.46079    -0.22333
  -0.230131    0.963622   -0.135913    0.294272
  -0.480332  0.00898868    0.877041 -0.00432199
          0           0           0           1
v_world_imu:  0.00242828 0.000817611 0.000267114
frame_57
id: 3631
stamp: 1777955698.438368082
T_odom_lidar: 
     0.8463    0.267301    0.460789    -0.22337
  -0.230292    0.963571   -0.136001    0.294348
  -0.480356  0.00898109    0.877028 -0.00433289
          0           0           0           1
T_world_lidar: 
     0.8463    0.267301    0.460789    -0.22337
  -0.230292    0.963571   -0.136001    0.294348
  -0.480356  0.00898109    0.877028 -0.00433289
          0           0           0           1
v_world_imu: -0.00326073 0.000298149 0.000620141
frame_58
id: 3632
stamp: 1777955698.538644552
T_odom_lidar: 
   0.846418    0.267019    0.460736    -0.22369
  -0.230056    0.963649   -0.135846    0.294312
  -0.480262  0.00898754    0.877079 -0.00434718
          0           0           0           1
T_world_lidar: 
   0.846418    0.267019    0.460736    -0.22369
  -0.230056    0.963649   -0.135846    0.294312
  -0.480262  0.00898754    0.877079 -0.00434718
          0           0           0           1
v_world_imu: -2.96225e-05  0.000314342  0.000747306
frame_59
id: 3633
stamp: 1777955698.638752699
T_odom_lidar: 
   0.846273    0.267268    0.460857   -0.223612
  -0.230196    0.963579   -0.136106    0.294458
  -0.480449  0.00909583    0.876975 -0.00436276
          0           0           0           1
T_world_lidar: 
   0.846273    0.267268    0.460857   -0.223612
  -0.230196    0.963579   -0.136106    0.294458
  -0.480449  0.00909583    0.876975 -0.00436276
          0           0           0           1
v_world_imu:   0.0012364  0.00149883 0.000702442
frame_60
id: 3634
stamp: 1777955698.738413572
T_odom_lidar: 
   0.846333    0.267134    0.460826   -0.223845
  -0.230075    0.963616   -0.136048    0.294513
  -0.480403  0.00911778    0.877001 -0.00440613
          0           0           0           1
T_world_lidar: 
   0.846333    0.267134    0.460826   -0.223845
  -0.230075    0.963616   -0.136048    0.294513
  -0.480403  0.00911778    0.877001 -0.00440613
          0           0           0           1
v_world_imu: -0.00285409 0.000815704 0.000549948
frame_61
id: 3635
stamp: 1777955698.838574409
T_odom_lidar: 
   0.846281    0.267118     0.46093   -0.223941
  -0.230008     0.96362   -0.136135    0.294615
  -0.480525  0.00919073    0.876933 -0.00444858
          0           0           0           1
T_world_lidar: 
   0.846281    0.267118     0.46093   -0.223941
  -0.230008     0.96362   -0.136135    0.294615
  -0.480525  0.00919073    0.876933 -0.00444858
          0           0           0           1
v_world_imu:  0.00233347  0.00153573 0.000423857
frame_62
id: 3636
stamp: 1777955698.938729525
T_odom_lidar: 
  0.846189   0.267135   0.461089  -0.223883
 -0.229997   0.963615  -0.136187   0.294754
 -0.480692 0.00919119   0.876841 -0.0045024
         0          0          0          1
T_world_lidar: 
  0.846189   0.267135   0.461089  -0.223883
 -0.229997   0.963615  -0.136187   0.294754
 -0.480692 0.00919119   0.876841 -0.0045024
         0          0          0          1
v_world_imu: -0.00143809 0.000886953 0.000170427
frame_63
id: 3637
stamp: 1777955699.038265705
T_odom_lidar: 
   0.846216    0.267029    0.461101   -0.224076
   -0.22992    0.963645   -0.136108    0.294811
  -0.480682  0.00916015    0.876847 -0.00456193
          0           0           0           1
T_world_lidar: 
   0.846216    0.267029    0.461101   -0.224076
   -0.22992    0.963645   -0.136108    0.294811
  -0.480682  0.00916015    0.876847 -0.00456193
          0           0           0           1
v_world_imu: 0.000511751  0.00100129 9.44337e-05
frame_64
id: 3638
stamp: 1777955699.138608932
T_odom_lidar: 
   0.846132    0.267215    0.461148   -0.223851
  -0.229998    0.963592    -0.13635    0.294897
  -0.480793  0.00930681    0.876785 -0.00461723
          0           0           0           1
T_world_lidar: 
   0.846132    0.267215    0.461148   -0.223851
  -0.229998    0.963592    -0.13635    0.294897
  -0.480793  0.00930681    0.876785 -0.00461723
          0           0           0           1
v_world_imu:   0.00188401  0.000887574 -0.000165613
frame_65
id: 3639
stamp: 1777955699.238134146
T_odom_lidar: 
   0.846127    0.267087    0.461231   -0.223833
  -0.229881    0.963627   -0.136297    0.294929
  -0.480858  0.00929586    0.876749 -0.00463799
          0           0           0           1
T_world_lidar: 
   0.846127    0.267087    0.461231   -0.223833
  -0.229881    0.963627   -0.136297    0.294929
  -0.480858  0.00929586    0.876749 -0.00463799
          0           0           0           1
v_world_imu: -0.000645382 -0.000414523 -7.84476e-05
frame_66
id: 3640
stamp: 1777955699.338308096
T_odom_lidar: 
   0.846148    0.267031    0.461226   -0.223625
  -0.229874    0.963644   -0.136191    0.294877
  -0.480825  0.00921427    0.876768 -0.00463886
          0           0           0           1
T_world_lidar: 
   0.846148    0.267031    0.461226   -0.223625
  -0.229874    0.963644   -0.136191    0.294877
  -0.480825  0.00921427    0.876768 -0.00463886
          0           0           0           1
v_world_imu:   0.00364492  0.000167121 -0.000306759
frame_67
id: 3641
stamp: 1777955699.438418627
T_odom_lidar: 
  0.846068   0.267207    0.46127  -0.223295
  -0.22997   0.963594  -0.136382   0.294876
 -0.480919  0.0093104   0.876716 -0.0046106
         0          0          0          1
T_world_lidar: 
  0.846068   0.267207    0.46127  -0.223295
  -0.22997   0.963594  -0.136382   0.294876
 -0.480919  0.0093104   0.876716 -0.0046106
         0          0          0          1
v_world_imu:   0.00168805 -0.000451569 -0.000468017
frame_68
id: 3642
stamp: 1777955699.538681507
T_odom_lidar: 
   0.846142    0.267025    0.461239    -0.22301
  -0.229841    0.963645   -0.136241     0.29478
   -0.48085  0.00926748    0.876754 -0.00458129
          0           0           0           1
T_world_lidar: 
   0.846142    0.267025    0.461239    -0.22301
  -0.229841    0.963645   -0.136241     0.29478
   -0.48085  0.00926748    0.876754 -0.00458129
          0           0           0           1
v_world_imu:   0.00325951  -0.00103658 -0.000492792
frame_69
id: 3643
stamp: 1777955699.638419390
T_odom_lidar: 
   0.846075    0.267215    0.461252   -0.222429
  -0.230039    0.963593   -0.136273    0.294713
  -0.480874  0.00919075    0.876742 -0.00455984
          0           0           0           1
T_world_lidar: 
   0.846075    0.267215    0.461252   -0.222429
  -0.230039    0.963593   -0.136273    0.294713
  -0.480874  0.00919075    0.876742 -0.00455984
          0           0           0           1
v_world_imu:   0.00599008 -0.000598871 -0.000380638
frame_70
id: 3644
stamp: 1777955699.738408804
T_odom_lidar: 
   0.846207    0.266961    0.461156   -0.221921
  -0.229829    0.963663   -0.136129    0.294631
  -0.480741  0.00920624    0.876814 -0.00448758
          0           0           0           1
T_world_lidar: 
   0.846207    0.266961    0.461156   -0.221921
  -0.229829    0.963663   -0.136129    0.294631
  -0.480741  0.00920624    0.876814 -0.00448758
          0           0           0           1
v_world_imu:   0.00427009 -3.37741e-05  0.000218542
frame_71
id: 3645
stamp: 1777955699.838995218
T_odom_lidar: 
   0.847901    0.264734    0.459326   -0.219928
  -0.228108    0.964275   -0.134684    0.294039
  -0.478572  0.00942296    0.877998 -0.00478224
          0           0           0           1
T_world_lidar: 
   0.847901    0.264734    0.459326   -0.219928
  -0.228108    0.964275   -0.134684    0.294039
  -0.478572  0.00942296    0.877998 -0.00478224
          0           0           0           1
v_world_imu:   0.0883586 -0.00656463  -0.0158587
frame_72
id: 3646
stamp: 1777955699.938822746
T_odom_lidar: 
   0.851285    0.251565    0.460466   -0.216559
   -0.21598    0.967781   -0.129433    0.295651
  -0.478191   0.0107334     0.87819 -0.00516617
          0           0           0           1
T_world_lidar: 
   0.851285    0.251565    0.460466   -0.216559
   -0.21598    0.967781   -0.129433    0.295651
  -0.478191   0.0107334     0.87819 -0.00516617
          0           0           0           1
v_world_imu:  -0.0455969    0.095605 -0.00140643
frame_73
id: 3647
stamp: 1777955700.038652420
T_odom_lidar: 
   0.852849    0.232195     0.46769   -0.211312
    -0.1978    0.972599   -0.122172    0.299278
  -0.483243   0.0116852    0.875408 -0.00489468
          0           0           0           1
T_world_lidar: 
   0.852849    0.232195     0.46769   -0.211312
    -0.1978    0.972599   -0.122172    0.299278
  -0.483243   0.0116852    0.875408 -0.00489468
          0           0           0           1
v_world_imu:    0.0125693    0.0657489 -1.09342e-05
frame_74
id: 3648
stamp: 1777955700.138442278
T_odom_lidar: 
   0.855947    0.220514    0.467683   -0.208768
  -0.187792    0.975315    -0.11617    0.303401
  -0.481756   0.0116079    0.876229 -0.00514117
          0           0           0           1
T_world_lidar: 
   0.855947    0.220514    0.467683   -0.208768
  -0.187792    0.975315    -0.11617    0.303401
  -0.481756   0.0116079    0.876229 -0.00514117
          0           0           0           1
v_world_imu:   0.0566814    0.019846 -0.00362302
frame_75
id: 3649
stamp: 1777955700.238747358
T_odom_lidar: 
   0.85902   0.205513    0.46888  -0.207368
 -0.175029   0.978593  -0.108258   0.306527
 -0.481091  0.0109288   0.876602 -0.0052096
         0          0          0          1
T_world_lidar: 
   0.85902   0.205513    0.46888  -0.207368
 -0.175029   0.978593  -0.108258   0.306527
 -0.481091  0.0109288   0.876602 -0.0052096
         0          0          0          1
v_world_imu:    0.0152248     0.045022 -0.000225874
frame_76
id: 3650
stamp: 1777955700.338552237
T_odom_lidar: 
  0.862227   0.182543   0.472487   -0.20462
 -0.154497   0.983132 -0.0978911   0.311618
 -0.482386  0.0114067   0.875885 -0.0052733
         0          0          0          1
T_world_lidar: 
  0.862227   0.182543   0.472487   -0.20462
 -0.154497   0.983132 -0.0978911   0.311618
 -0.482386  0.0114067   0.875885 -0.0052733
         0          0          0          1
