image: l402_2d_map.pgm
mode: trinary
resolution: 0.010000
origin: [-6.767772, -15.015556, 0.0]
negate: 0
occupied_thresh: 0.65
free_thresh: 0.25
