id: 4
T_world_origin: 
  0.827246   0.336562   0.449878   0.421861
 -0.291718   0.941629  -0.168031 -0.0251959
 -0.480171 0.00776511    0.87714 0.00638035
         0          0          0          1
T_origin_endpoint_L: 
   0.970755   -0.239506  -0.0164586 -0.00744704
   0.239483    0.961303    0.136178   0.0633371
 -0.0167937   -0.136137    0.990548 -0.00525005
          0           0           0           1
T_origin_endpoint_R: 
   0.999677  -0.0250022 -0.00460416    -0.31073
  0.0250602    0.999601   0.0130006   0.0381148
 0.00427728  -0.0131117    0.999905   -0.173939
          0           0           0           1
T_lidar_imu: 
     1      0      0  0.006
     0      1      0 -0.012
     0      0      1  0.008
     0      0      0      1
imu_bias:  0.00483806 0.000308865 -0.00871115 -0.00517756 -0.00114292   0.0014695
frame_id: 2
num_frames: 55
frame_0
id: 3519
stamp: 1777955687.238444805
T_odom_lidar: 
  0.875016   0.064016   0.479842   0.426956
-0.0547228   0.997945 -0.0333465  0.0501939
 -0.480991 0.00292037   0.876721 0.00233222
         0          0          0          1
T_world_lidar: 
  0.875016   0.064016   0.479842   0.426956
-0.0547228   0.997945 -0.0333465  0.0501939
 -0.480991 0.00292037   0.876721 0.00233222
         0          0          0          1
v_world_imu: -0.00902125  -0.0555998  0.00184437
frame_1
id: 3520
stamp: 1777955687.338257551
T_odom_lidar: 
  0.872139   0.103526    0.47818   0.426528
 -0.089575   0.994624 -0.0519627  0.0423814
 -0.480989 0.00248567   0.876723 0.00262123
         0          0          0          1
T_world_lidar: 
  0.872139   0.103526    0.47818   0.426528
 -0.089575   0.994624 -0.0519627  0.0423814
 -0.480989 0.00248567   0.876723 0.00262123
         0          0          0          1
v_world_imu: -0.0129318 -0.0923121 0.00185872
frame_2
id: 3521
stamp: 1777955687.438290358
T_odom_lidar: 
  0.867078   0.145213   0.476538   0.427194
 -0.125875   0.989396 -0.0724603  0.0334579
 -0.482007 0.00284451   0.876163 0.00282976
         0          0          0          1
T_world_lidar: 
  0.867078   0.145213   0.476538   0.427194
 -0.125875   0.989396 -0.0724603  0.0334579
 -0.482007 0.00284451   0.876163 0.00282976
         0          0          0          1
v_world_imu: -0.0080871 -0.0954014 0.00274365
frame_3
id: 3522
stamp: 1777955687.538298845
T_odom_lidar: 
  0.861256   0.184684   0.473424   0.426364
 -0.160325   0.982793 -0.0917271  0.0259276
 -0.482218 0.00309897   0.876046 0.00292904
         0          0          0          1
T_world_lidar: 
  0.861256   0.184684   0.473424   0.426364
 -0.160325   0.982793 -0.0917271  0.0259276
 -0.482218 0.00309897   0.876046 0.00292904
         0          0          0          1
v_world_imu:  -0.0209643  -0.0952879 0.000646644
frame_4
id: 3523
stamp: 1777955687.638107300
T_odom_lidar: 
  0.854357   0.222424   0.469682   0.425567
 -0.193072   0.974943  -0.110497   0.016884
 -0.482491 0.00372092   0.875893  0.0029588
         0          0          0          1
T_world_lidar: 
  0.854357   0.222424   0.469682   0.425567
 -0.193072   0.974943  -0.110497   0.016884
 -0.482491 0.00372092   0.875893  0.0029588
         0          0          0          1
v_world_imu: -0.00159292  -0.0891125 9.13744e-06
frame_5
id: 3524
stamp: 1777955687.738564968
T_odom_lidar: 
  0.846074   0.260415   0.465128   0.424603
 -0.226052   0.965487  -0.129364 0.00771551
 -0.482763 0.00430874    0.87574 0.00298808
         0          0          0          1
T_world_lidar: 
  0.846074   0.260415   0.465128   0.424603
 -0.226052   0.965487  -0.129364 0.00771551
 -0.482763 0.00430874    0.87574 0.00298808
         0          0          0          1
v_world_imu:    -0.023111    -0.098486 -0.000221542
frame_6
id: 3525
stamp: 1777955687.838568211
T_odom_lidar: 
    0.836355     0.298465     0.459814     0.423104
    -0.25913     0.954409    -0.148175 -0.000340834
   -0.483076   0.00477543     0.875566   0.00306248
           0            0            0            1
T_world_lidar: 
    0.836355     0.298465     0.459814     0.423104
    -0.25913     0.954409    -0.148175 -0.000340834
   -0.483076   0.00477543     0.875566   0.00306248
           0            0            0            1
v_world_imu:  -0.0228781  -0.0747679 -0.00260705
frame_7
id: 3526
stamp: 1777955687.938284874
T_odom_lidar: 
   0.830105    0.324789    0.453252    0.420265
  -0.282291    0.945771   -0.160716 -0.00480148
  -0.480871  0.00546223    0.876774  0.00282894
          0           0           0           1
T_world_lidar: 
   0.830105    0.324789    0.453252    0.420265
  -0.282291    0.945771   -0.160716 -0.00480148
  -0.480871  0.00546223    0.876774  0.00282894
          0           0           0           1
v_world_imu: 0.000440471   0.0180703 -0.00213314
frame_8
id: 3527
stamp: 1777955688.039138079
T_odom_lidar: 
  0.825746   0.334215   0.454361   0.421599
 -0.290023   0.942481  -0.166181 -0.0105367
 -0.483767 0.00544854    0.87518 0.00264674
         0          0          0          1
T_world_lidar: 
  0.825746   0.334215   0.454361   0.421599
 -0.290023   0.942481  -0.166181 -0.0105367
 -0.483767 0.00544854    0.87518 0.00264674
         0          0          0          1
v_world_imu:  -0.0192153   0.0374349 -0.00539035
frame_9
id: 3528
stamp: 1777955688.138673067
T_odom_lidar: 
  0.823016   0.337893   0.456588   0.423777
 -0.292207   0.941163  -0.169784 -0.0124117
 -0.487093 0.00631656   0.873327 0.00259841
         0          0          0          1
T_world_lidar: 
  0.823016   0.337893   0.456588   0.423777
 -0.292207   0.941163  -0.169784 -0.0124117
 -0.487093 0.00631656   0.873327 0.00259841
         0          0          0          1
v_world_imu:  0.0222517 0.00359983 0.00185564
frame_10
id: 3529
stamp: 1777955688.238430977
T_odom_lidar: 
  0.825461   0.337922   0.452131   0.419017
 -0.293236   0.941154  -0.168054 -0.0101061
 -0.482314 0.00614094   0.875977 0.00256667
         0          0          0          1
T_world_lidar: 
  0.825461   0.337922   0.452131   0.419017
 -0.293236   0.941154  -0.168054 -0.0101061
 -0.482314 0.00614094   0.875977 0.00256667
         0          0          0          1
v_world_imu:   0.0152954  -0.0227215 0.000292924
frame_11
id: 3530
stamp: 1777955688.338586330
T_odom_lidar: 
  0.826213   0.335786    0.45235   0.418163
 -0.291612   0.941921  -0.166575 -0.0105331
 -0.482012 0.00571611   0.876146 0.00248563
         0          0          0          1
T_world_lidar: 
  0.826213   0.335786    0.45235   0.418163
 -0.291612   0.941921  -0.166575 -0.0105331
 -0.482012 0.00571611   0.876146 0.00248563
         0          0          0          1
v_world_imu:  0.00599247  -0.0115718 0.000410749
frame_12
id: 3531
stamp: 1777955688.438649178
T_odom_lidar: 
  0.825384   0.339187   0.451323   0.417169
 -0.294264   0.940696  -0.168816 -0.0101163
 -0.481818 0.00652968   0.876247 0.00257051
         0          0          0          1
T_world_lidar: 
  0.825384   0.339187   0.451323   0.417169
 -0.294264   0.940696  -0.168816 -0.0101163
 -0.481818 0.00652968   0.876247 0.00257051
         0          0          0          1
v_world_imu:   -0.023299   0.0157255 -0.00123914
frame_13
id: 3532
stamp: 1777955688.538648844
T_odom_lidar: 
  0.825252   0.335632   0.454214   0.418675
 -0.290334   0.941966  -0.168542 -0.0115683
 -0.484422 0.00721596   0.874805 0.00261273
         0          0          0          1
T_world_lidar: 
  0.825252   0.335632   0.454214   0.418675
 -0.290334   0.941966  -0.168542 -0.0115683
 -0.484422 0.00721596   0.874805 0.00261273
         0          0          0          1
v_world_imu:   -0.0206949  -0.00309349 -0.000475643
frame_14
id: 3533
stamp: 1777955688.638347864
T_odom_lidar: 
  0.825655   0.336609   0.452757   0.416954
 -0.291902   0.941623  -0.167746 -0.0105166
 -0.482791 0.00633937   0.875713 0.00260365
         0          0          0          1
T_world_lidar: 
  0.825655   0.336609   0.452757   0.416954
 -0.291902   0.941623  -0.167746 -0.0105166
 -0.482791 0.00633937   0.875713 0.00260365
         0          0          0          1
v_world_imu: -0.00256777 -0.00708183  0.00105238
frame_15
id: 3534
stamp: 1777955688.738628387
T_odom_lidar: 
  0.825342   0.336515   0.453396   0.418311
 -0.291265   0.941651  -0.168697  -0.010997
  -0.48371 0.00717419   0.875199 0.00257199
         0          0          0          1
T_world_lidar: 
  0.825342   0.336515   0.453396   0.418311
 -0.291265   0.941651  -0.168697  -0.010997
  -0.48371 0.00717419   0.875199 0.00257199
         0          0          0          1
v_world_imu:   0.0302616  -0.0140945 0.000446216
frame_16
id: 3535
stamp: 1777955688.839578629
T_odom_lidar: 
  0.826177   0.336623   0.451793   0.416729
 -0.291983   0.941616  -0.167643 -0.0103019
 -0.481848 0.00658615    0.87623 0.00251541
         0          0          0          1
T_world_lidar: 
  0.826177   0.336623   0.451793   0.416729
 -0.291983   0.941616  -0.167643 -0.0103019
 -0.481848 0.00658615    0.87623 0.00251541
         0          0          0          1
v_world_imu: -0.00769565  0.00416414  0.00109718
frame_17
id: 3536
stamp: 1777955688.938469648
T_odom_lidar: 
  0.826008   0.336479   0.452208   0.417198
 -0.291662   0.941666  -0.167922 -0.0105293
 -0.482332 0.00681313   0.875962 0.00249387
         0          0          0          1
T_world_lidar: 
  0.826008   0.336479   0.452208   0.417198
 -0.291662   0.941666  -0.167922 -0.0105293
 -0.482332 0.00681313   0.875962 0.00249387
         0          0          0          1
v_world_imu:   0.0232732  -0.0104809 0.000557198
frame_18
id: 3537
stamp: 1777955689.038401842
T_odom_lidar: 
  0.825922    0.33698   0.451993   0.417276
  -0.29194   0.941484  -0.168458 -0.0104121
 -0.482312 0.00717851    0.87597  0.0025133
         0          0          0          1
T_world_lidar: 
  0.825922    0.33698   0.451993   0.417276
  -0.29194   0.941484  -0.168458 -0.0104121
 -0.482312 0.00717851    0.87597  0.0025133
         0          0          0          1
v_world_imu: -0.0188142 0.00904441 0.00108342
frame_19
id: 3538
stamp: 1777955689.138620615
T_odom_lidar: 
  0.826067   0.336236   0.452283    0.41719
  -0.29141   0.941753  -0.167875 -0.0104264
 -0.482384 0.00687649   0.875933 0.00253869
         0          0          0          1
T_world_lidar: 
  0.826067   0.336236   0.452283    0.41719
  -0.29141   0.941753  -0.167875 -0.0104264
 -0.482384 0.00687649   0.875933 0.00253869
         0          0          0          1
v_world_imu: 0.000934986  -0.0027659 0.000503281
frame_20
id: 3539
stamp: 1777955689.238545179
T_odom_lidar: 
  0.825847   0.336763   0.452292   0.417559
 -0.291658   0.941561  -0.168518 -0.0104369
 -0.482611 0.00725527   0.875805 0.00258226
         0          0          0          1
T_world_lidar: 
  0.825847   0.336763   0.452292   0.417559
 -0.291658   0.941561  -0.168518 -0.0104369
 -0.482611 0.00725527   0.875805 0.00258226
         0          0          0          1
v_world_imu: -0.00587668  0.00536967  0.00117653
frame_21
id: 3540
stamp: 1777955689.338291883
T_odom_lidar: 
  0.825906   0.336378   0.452471   0.417717
 -0.291331     0.9417  -0.168308 -0.0104721
 -0.482707 0.00718798   0.875752 0.00264188
         0          0          0          1
T_world_lidar: 
  0.825906   0.336378   0.452471   0.417717
 -0.291331     0.9417  -0.168308 -0.0104721
 -0.482707 0.00718798   0.875752 0.00264188
         0          0          0          1
v_world_imu:  -0.0011973 -0.00109025  0.00128941
frame_22
id: 3541
stamp: 1777955689.438137293
T_odom_lidar: 
  0.825971   0.336601   0.452186   0.417548
 -0.291636   0.941621  -0.168221 -0.0103801
 -0.482411 0.00707149   0.875917 0.00270271
         0          0          0          1
T_world_lidar: 
  0.825971   0.336601   0.452186   0.417548
 -0.291636   0.941621  -0.168221 -0.0103801
 -0.482411 0.00707149   0.875917 0.00270271
         0          0          0          1
v_world_imu:  0.00195478 0.000972271   0.0014968
frame_23
id: 3542
stamp: 1777955689.538220406
T_odom_lidar: 
  0.825894   0.336639   0.452297   0.418033
   -0.2915   0.941605  -0.168546 -0.0105799
 -0.482625  0.0073563   0.875796 0.00274802
         0          0          0          1
T_world_lidar: 
  0.825894   0.336639   0.452297   0.418033
   -0.2915   0.941605  -0.168546 -0.0105799
 -0.482625  0.0073563   0.875796 0.00274802
         0          0          0          1
v_world_imu:  0.00835025 -0.00345852  0.00141394
frame_24
id: 3543
stamp: 1777955689.638540745
T_odom_lidar: 
  0.826181   0.336527   0.451858   0.417555
 -0.291639   0.941647  -0.168068 -0.0104383
  -0.48205 0.00707526   0.876115 0.00279181
         0          0          0          1
T_world_lidar: 
  0.826181   0.336527   0.451858   0.417555
 -0.291639   0.941647  -0.168068 -0.0104383
  -0.48205 0.00707526   0.876115 0.00279181
         0          0          0          1
v_world_imu: -0.00126966 0.000448925  0.00156606
frame_25
id: 3544
stamp: 1777955689.738623381
T_odom_lidar: 
   0.82609   0.336565   0.451995   0.417917
 -0.291548   0.941632  -0.168311 -0.0106726
 -0.482261 0.00726196   0.875998 0.00285161
         0          0          0          1
T_world_lidar: 
   0.82609   0.336565   0.451995   0.417917
 -0.291548   0.941632  -0.168311 -0.0106726
 -0.482261 0.00726196   0.875998 0.00285161
         0          0          0          1
v_world_imu:   0.0110466 -0.00450653  0.00106107
frame_26
id: 3545
stamp: 1777955689.838376284
T_odom_lidar: 
  0.826092   0.336778   0.451832   0.417882
 -0.291819   0.941557  -0.168262 -0.0106185
 -0.482093  0.0071467   0.876091 0.00290401
         0          0          0          1
T_world_lidar: 
  0.826092   0.336778   0.451832   0.417882
 -0.291819   0.941557  -0.168262 -0.0106185
 -0.482093  0.0071467   0.876091 0.00290401
         0          0          0          1
v_world_imu: -0.0049567 0.00178199 0.00123458
frame_27
id: 3546
stamp: 1777955689.938214779
T_odom_lidar: 
  0.826197   0.336434   0.451897   0.417958
 -0.291587   0.941681   -0.16797 -0.0106798
 -0.482053  0.0070086   0.876114 0.00295838
         0          0          0          1
T_world_lidar: 
  0.826197   0.336434   0.451897   0.417958
 -0.291587   0.941681   -0.16797 -0.0106798
 -0.482053  0.0070086   0.876114 0.00295838
         0          0          0          1
v_world_imu:  0.00246518 -0.00159959 0.000357395
frame_28
id: 3547
stamp: 1777955690.038326979
T_odom_lidar: 
  0.826067   0.336746   0.451902   0.418205
 -0.291772   0.941568   -0.16828 -0.0107253
 -0.482164 0.00715813   0.876052 0.00301366
         0          0          0          1
T_world_lidar: 
  0.826067   0.336746   0.451902   0.418205
 -0.291772   0.941568   -0.16828 -0.0107253
 -0.482164 0.00715813   0.876052 0.00301366
         0          0          0          1
v_world_imu: -0.00224974  0.00185721 0.000107821
frame_29
id: 3548
stamp: 1777955690.138566494
T_odom_lidar: 
  0.826134    0.33645      0.452    0.41826
 -0.291612   0.941676  -0.167956 -0.0107551
 -0.482146 0.00694537   0.876063 0.00303254
         0          0          0          1
T_world_lidar: 
  0.826134    0.33645      0.452    0.41826
 -0.291612   0.941676  -0.167956 -0.0107551
 -0.482146 0.00694537   0.876063 0.00303254
         0          0          0          1
v_world_imu:  -0.00281274 -6.46153e-06 -0.000169652
frame_30
id: 3549
stamp: 1777955690.238607407
T_odom_lidar: 
   0.82619   0.336572   0.451807   0.418258
 -0.291735   0.941632  -0.167989 -0.0106946
 -0.481976 0.00698318   0.876157 0.00304889
         0          0          0          1
T_world_lidar: 
   0.82619   0.336572   0.451807   0.418258
 -0.291735   0.941632  -0.167989 -0.0106946
 -0.481976 0.00698318   0.876157 0.00304889
         0          0          0          1
v_world_imu:    0.0016962  0.000564036 -0.000326002
frame_31
id: 3550
stamp: 1777955690.338630915
T_odom_lidar: 
  0.826147    0.33661   0.451858   0.418499
 -0.291683   0.941617  -0.168162 -0.0107567
 -0.482082 0.00712734   0.876097 0.00305096
         0          0          0          1
T_world_lidar: 
  0.826147    0.33661   0.451858   0.418499
 -0.291683   0.941617  -0.168162 -0.0107567
 -0.482082 0.00712734   0.876097 0.00305096
         0          0          0          1
v_world_imu: -0.000577439  0.000833058 -0.000826979
frame_32
id: 3551
stamp: 1777955690.438583612
T_odom_lidar: 
   0.82635   0.336505   0.451563   0.418226
  -0.29171   0.941655  -0.167901 -0.0105676
 -0.481716 0.00701935   0.876299 0.00300518
         0          0          0          1
T_world_lidar: 
   0.82635   0.336505   0.451563   0.418226
  -0.29171   0.941655  -0.167901 -0.0105676
 -0.481716 0.00701935   0.876299 0.00300518
         0          0          0          1
v_world_imu: -0.000482186  0.000995799  -0.00119888
frame_33
id: 3552
stamp: 1777955690.538615465
T_odom_lidar: 
  0.826274   0.336547   0.451673   0.418373
 -0.291686    0.94164  -0.168028 -0.0105643
 -0.481862 0.00709046   0.876218 0.00292109
         0          0          0          1
T_world_lidar: 
  0.826274   0.336547   0.451673   0.418373
 -0.291686    0.94164  -0.168028 -0.0105643
 -0.481862 0.00709046   0.876218 0.00292109
         0          0          0          1
v_world_imu:   0.0018051 0.000519137  -0.0019075
frame_34
id: 3553
stamp: 1777955690.638157368
T_odom_lidar: 
  0.826345   0.336544   0.451545   0.418076
 -0.291751   0.941642  -0.167906 -0.0103085
 -0.481701 0.00700926   0.876308 0.00279667
         0          0          0          1
T_world_lidar: 
  0.826345   0.336544   0.451545   0.418076
 -0.291751   0.941642  -0.167906 -0.0103085
 -0.481701 0.00700926   0.876308 0.00279667
         0          0          0          1
v_world_imu: -0.00433149  0.00205292 -0.00225348
frame_35
id: 3554
stamp: 1777955690.738108158
T_odom_lidar: 
  0.826193    0.33615   0.452115   0.418021
  -0.29136   0.941783  -0.167791 -0.0100797
 -0.482198 0.00689897   0.876035 0.00264251
         0          0          0          1
T_world_lidar: 
  0.826193    0.33615   0.452115   0.418021
  -0.29136   0.941783  -0.167791 -0.0100797
 -0.482198 0.00689897   0.876035 0.00264251
         0          0          0          1
v_world_imu:  0.00216296   0.0031876 -0.00225258
frame_36
id: 3555
stamp: 1777955690.838575125
T_odom_lidar: 
   0.825685    0.336528    0.452762    0.414123
  -0.291461    0.941647   -0.168379 -0.00791104
  -0.483007  0.00706554    0.875588  0.00252909
          0           0           0           1
T_world_lidar: 
   0.825685    0.336528    0.452762    0.414123
  -0.291461    0.941647   -0.168379 -0.00791104
  -0.483007  0.00706554    0.875588  0.00252909
          0           0           0           1
v_world_imu:   -0.0768458    0.0378535 -0.000115049
frame_37
id: 3556
stamp: 1777955690.938593149
T_odom_lidar: 
   0.827095    0.336185    0.450437    0.401075
  -0.291887    0.941773   -0.166932 -0.00134088
  -0.480329    0.006592    0.877063  0.00264936
          0           0           0           1
T_world_lidar: 
   0.827095    0.336185    0.450437    0.401075
  -0.291887    0.941773   -0.166932 -0.00134088
  -0.480329    0.006592    0.877063  0.00264936
          0           0           0           1
v_world_imu:   -0.158326   0.0806372 -0.00137001
frame_38
id: 3557
stamp: 1777955691.038591623
T_odom_lidar: 
  0.826731   0.333617   0.453007   0.388294
 -0.289401   0.942688   -0.16609 0.00473944
 -0.482455 0.00621152   0.875899 0.00280411
         0          0          0          1
T_world_lidar: 
  0.826731   0.333617   0.453007   0.388294
 -0.289401   0.942688   -0.16609 0.00473944
 -0.482455 0.00621152   0.875899 0.00280411
         0          0          0          1
v_world_imu:  -0.174363  0.0923118 0.00367588
frame_39
id: 3558
stamp: 1777955691.138445616
T_odom_lidar: 
  0.826825    0.33474   0.452006   0.372683
 -0.290804   0.942293  -0.165881  0.0129851
  -0.48145 0.00570936   0.876455  0.0030273
         0          0          0          1
T_world_lidar: 
  0.826825    0.33474   0.452006   0.372683
 -0.290804   0.942293  -0.165881  0.0129851
  -0.48145 0.00570936   0.876455  0.0030273
         0          0          0          1
v_world_imu:   -0.112201    0.053524 0.000945627
frame_40
id: 3559
stamp: 1777955691.238448858
T_odom_lidar: 
  0.828103   0.334023   0.450194   0.354157
 -0.290566   0.942548  -0.164849  0.0215826
 -0.479392 0.00570134   0.877582 0.00300428
         0          0          0          1
T_world_lidar: 
  0.828103   0.334023   0.450194   0.354157
 -0.290566   0.942548  -0.164849  0.0215826
 -0.479392 0.00570134   0.877582 0.00300428
         0          0          0          1
v_world_imu:   -0.212899     0.10445 -0.00290765
frame_41
id: 3560
stamp: 1777955691.338421583
T_odom_lidar: 
  0.828189   0.331677   0.451768   0.336397
 -0.288222   0.943375  -0.164229  0.0291905
 -0.480657 0.00580279   0.876889 0.00292663
         0          0          0          1
T_world_lidar: 
  0.828189   0.331677   0.451768   0.336397
 -0.288222   0.943375  -0.164229  0.0291905
 -0.480657 0.00580279   0.876889 0.00292663
         0          0          0          1
v_world_imu: -0.188156 0.0855865 0.0013342
frame_42
id: 3561
stamp: 1777955691.438505173
T_odom_lidar: 
  0.828873   0.331055   0.450968   0.318888
 -0.287562    0.94359  -0.164152  0.0368029
 -0.479872 0.00637991   0.877315 0.00255045
         0          0          0          1
T_world_lidar: 
  0.828873   0.331055   0.450968   0.318888
 -0.287562    0.94359  -0.164152  0.0368029
 -0.479872 0.00637991   0.877315 0.00255045
         0          0          0          1
v_world_imu:   -0.136305   0.0372417 -0.00751163
frame_43
id: 3562
stamp: 1777955691.538168907
T_odom_lidar: 
  0.828505   0.330703   0.451902    0.30003
 -0.286944   0.943712  -0.164535  0.0433507
 -0.480878 0.00664759   0.876763  0.0021283
         0          0          0          1
T_world_lidar: 
  0.828505   0.330703   0.451902    0.30003
 -0.286944   0.943712  -0.164535  0.0433507
 -0.480878 0.00664759   0.876763  0.0021283
         0          0          0          1
v_world_imu:  -0.210139  0.0691393 0.00798838
frame_44
id: 3563
stamp: 1777955691.638298512
T_odom_lidar: 
  0.830734   0.329073   0.448991   0.274418
 -0.285969   0.944279  -0.162972   0.054153
 -0.477602 0.00698906   0.878548 0.00206551
         0          0          0          1
T_world_lidar: 
  0.830734   0.329073   0.448991   0.274418
 -0.285969   0.944279  -0.162972   0.054153
 -0.477602 0.00698906   0.878548 0.00206551
         0          0          0          1
v_world_imu:   -0.229231    0.113588 -0.00174112
frame_45
id: 3564
stamp: 1777955691.738238096
T_odom_lidar: 
  0.830759   0.328174   0.449602   0.255045
 -0.285166   0.944592  -0.162559  0.0644811
 -0.478038 0.00683611   0.878312 0.00182698
         0          0          0          1
T_world_lidar: 
  0.830759   0.328174   0.449602   0.255045
 -0.285166   0.944592  -0.162559  0.0644811
 -0.478038 0.00683611   0.878312 0.00182698
         0          0          0          1
v_world_imu:   -0.151739   0.0700106 -0.00297289
frame_46
id: 3565
stamp: 1777955691.838676691
T_odom_lidar: 
  0.829873   0.329938   0.449947   0.237466
 -0.286624   0.943979  -0.163558  0.0730211
 -0.478704 0.00676683    0.87795 0.00136908
         0          0          0          1
T_world_lidar: 
  0.829873   0.329938   0.449947   0.237466
 -0.286624   0.943979  -0.163558  0.0730211
 -0.478704 0.00676683    0.87795 0.00136908
         0          0          0          1
v_world_imu:   -0.203501    0.079571 -0.00159188
frame_47
id: 3566
stamp: 1777955691.938579321
T_odom_lidar: 
  0.831372   0.328675     0.4481   0.213005
 -0.285985    0.94442  -0.162123  0.0828207
  -0.47648 0.00663514    0.87916  0.0014776
         0          0          0          1
T_world_lidar: 
  0.831372   0.328675     0.4481   0.213005
 -0.285985    0.94442  -0.162123  0.0828207
  -0.47648 0.00663514    0.87916  0.0014776
         0          0          0          1
v_world_imu:   -0.274757    0.126127 -0.00249382
frame_48
id: 3567
stamp: 1777955692.038612366
T_odom_lidar: 
  0.830755   0.323871   0.452718   0.195239
 -0.280844   0.946075  -0.161456  0.0925734
 -0.480596 0.00698719   0.876914 0.00134458
         0          0          0          1
T_world_lidar: 
  0.830755   0.323871   0.452718   0.195239
 -0.280844   0.946075  -0.161456  0.0925734
 -0.480596 0.00698719   0.876914 0.00134458
         0          0          0          1
v_world_imu:   -0.215244    0.123743 -0.00514955
frame_49
id: 3568
stamp: 1777955692.138675213
T_odom_lidar: 
  0.830955   0.326886   0.450178   0.176206
 -0.284034    0.94504  -0.161938     0.1035
 -0.478371 0.00669708   0.878132  0.0010447
         0          0          0          1
T_world_lidar: 
  0.830955   0.326886   0.450178   0.176206
 -0.284034    0.94504  -0.161938     0.1035
 -0.478371 0.00669708   0.878132  0.0010447
         0          0          0          1
v_world_imu:   -0.179386   0.0747527 -0.00184511
frame_50
id: 3569
stamp: 1777955692.238583565
T_odom_lidar: 
   0.832099    0.321518    0.451926    0.159832
  -0.278954    0.946877   -0.160026    0.109607
  -0.479369  0.00709068    0.877585 0.000866262
          0           0           0           1
T_world_lidar: 
   0.832099    0.321518    0.451926    0.159832
  -0.278954    0.946877   -0.160026    0.109607
  -0.479369  0.00709068    0.877585 0.000866262
          0           0           0           1
v_world_imu:   -0.188975    0.105403 -0.00144863
frame_51
id: 3570
stamp: 1777955692.338449478
T_odom_lidar: 
   0.831835     0.31759    0.455178    0.144854
  -0.274906      0.9482   -0.159196    0.118955
  -0.482159  0.00729327    0.876053 0.000757636
          0           0           0           1
T_world_lidar: 
   0.831835     0.31759    0.455178    0.144854
  -0.274906      0.9482   -0.159196    0.118955
  -0.482159  0.00729327    0.876053 0.000757636
          0           0           0           1
v_world_imu: -0.171371  0.122284 0.0022596
frame_52
id: 3571
stamp: 1777955692.438308716
T_odom_lidar: 
   0.832192    0.317441    0.454629    0.128627
  -0.274979    0.948251   -0.158763    0.128778
    -0.4815  0.00710827    0.876417 0.000646982
          0           0           0           1
T_world_lidar: 
   0.832192    0.317441    0.454629    0.128627
  -0.274979    0.948251   -0.158763    0.128778
    -0.4815  0.00710827    0.876417 0.000646982
          0           0           0           1
v_world_imu:   -0.109754   0.0660189 0.000833037
frame_53
id: 3572
stamp: 1777955692.539589882
T_odom_lidar: 
   0.834724    0.315655    0.451218    0.107602
  -0.274191    0.948849   -0.156542    0.137458
  -0.477551  0.00694954    0.878577 0.000718312
          0           0           0           1
T_world_lidar: 
   0.834724    0.315655    0.451218    0.107602
  -0.274191    0.948849   -0.156542    0.137458
  -0.477551  0.00694954    0.878577 0.000718312
          0           0           0           1
v_world_imu:  -0.18181  0.091259 -0.000645
frame_54
id: 3573
stamp: 1777955692.638601065
T_odom_lidar: 
   0.836294    0.309718    0.452424   0.0950697
  -0.268613    0.950798   -0.154369    0.144896
  -0.477975  0.00757083    0.878341 0.000588158
          0           0           0           1
T_world_lidar: 
   0.836294    0.309718    0.452424   0.0950697
  -0.268613    0.950798   -0.154369    0.144896
  -0.477975  0.00757083    0.878341 0.000588158
          0           0           0           1
v_world_imu:  -0.0817498   0.0694347 -0.00355188
