id: 10
T_world_origin: 
  0.830551  -0.547716   -0.10096    1.21837
  0.545361   0.836581 -0.0520907    4.85562
  0.112992 -0.0117957   0.993526 -0.0184359
         0          0          0          1
T_origin_endpoint_L: 
   0.963546     0.26753  0.00262333 -0.00559811
  -0.267415    0.962732   0.0404506  -0.0708296
  0.0082962  -0.0396775    0.999178 -0.00111893
          0           0           0           1
T_origin_endpoint_R: 
   0.956947    0.289915   0.0141988   -0.661203
  -0.290255     0.95612   0.0398355   0.0483169
-0.00202686  -0.0422417    0.999105   0.0744911
          0           0           0           1
T_lidar_imu: 
     1      0      0  0.006
     0      1      0 -0.012
     0      0      1  0.008
     0      0      0      1
imu_bias: -0.000240823 -0.000814669    -0.006503 -0.000395755 -0.000657441   0.00196253
frame_id: 2
num_frames: 85
frame_0
id: 1517
stamp: 1777101630.762679338
T_odom_lidar: 
  0.945903  -0.301101  -0.120854    1.24431
  0.301334   0.953371  -0.016777    4.80314
   0.12027 -0.0205479   0.992529  -0.028253
         0          0          0          1
T_world_lidar: 
  0.945903  -0.301101  -0.120854    1.24431
  0.301334   0.953371  -0.016777    4.80314
   0.12027 -0.0205479   0.992529  -0.028253
         0          0          0          1
v_world_imu:  -0.0290794   0.0911351 -0.00313305
frame_1
id: 1518
stamp: 1777101630.862304926
T_odom_lidar: 
  0.934326  -0.335537  -0.120205    1.24086
   0.33552   0.941799 -0.0209877    4.81178
  0.120251 -0.0207219   0.992527   -0.02836
         0          0          0          1
T_world_lidar: 
  0.934326  -0.335537  -0.120205    1.24086
   0.33552   0.941799 -0.0209877    4.81178
  0.120251 -0.0207219   0.992527   -0.02836
         0          0          0          1
v_world_imu:  -0.0343922   0.0818961 -0.00344962
frame_2
id: 1519
stamp: 1777101630.962742329
T_odom_lidar: 
  0.922822  -0.366322  -0.119194    1.23791
  0.366043   0.930261 -0.0250276    4.81951
  0.120049 -0.0205339   0.992556 -0.0285506
         0          0          0          1
T_world_lidar: 
  0.922822  -0.366322  -0.119194    1.23791
  0.366043   0.930261 -0.0250276    4.81951
  0.120049 -0.0205339   0.992556 -0.0285506
         0          0          0          1
v_world_imu: -0.0259345  0.0784885 -0.0029753
frame_3
id: 1520
stamp: 1777101631.062667847
T_odom_lidar: 
  0.909788  -0.398068  -0.117593    1.23496
  0.397434   0.917146 -0.0298146    4.82685
  0.119718 -0.0196105   0.992614 -0.0287155
         0          0          0          1
T_world_lidar: 
  0.909788  -0.398068  -0.117593    1.23496
  0.397434   0.917146 -0.0298146    4.82685
  0.119718 -0.0196105   0.992614 -0.0287155
         0          0          0          1
v_world_imu:   -0.0316139    0.0715202 -0.000817748
frame_4
id: 1521
stamp: 1777101631.162225723
T_odom_lidar: 
  0.895273  -0.430165  -0.115951     1.2311
  0.429215    0.90255 -0.0343344    4.83429
  0.119421 -0.0190294   0.992661 -0.0288689
         0          0          0          1
T_world_lidar: 
  0.895273  -0.430165  -0.115951     1.2311
  0.429215    0.90255 -0.0343344    4.83429
  0.119421 -0.0190294   0.992661 -0.0288689
         0          0          0          1
v_world_imu:   -0.0385539    0.0786566 -0.000511398
frame_5
id: 1522
stamp: 1777101631.262070894
T_odom_lidar: 
   0.87825  -0.464237  -0.114719    1.22612
  0.463007   0.885506 -0.0387819    4.84233
  0.119589 -0.0190557   0.992641  -0.029158
         0          0          0          1
T_world_lidar: 
   0.87825  -0.464237  -0.114719    1.22612
  0.463007   0.885506 -0.0387819    4.84233
  0.119589 -0.0190557   0.992641  -0.029158
         0          0          0          1
v_world_imu:  -0.0498835   0.0862693 -0.00124403
frame_6
id: 1523
stamp: 1777101631.362668037
T_odom_lidar: 
  0.862893  -0.492498  -0.113411    1.22165
  0.491088   0.870096 -0.0420152    4.84986
   0.11937 -0.0194399   0.992659 -0.0292223
         0          0          0          1
T_world_lidar: 
  0.862893  -0.492498  -0.113411    1.22165
  0.491088   0.870096 -0.0420152    4.84986
   0.11937 -0.0194399   0.992659 -0.0292223
         0          0          0          1
v_world_imu: -0.0353417   0.068562 0.00188352
frame_7
id: 1524
stamp: 1777101631.462638855
T_odom_lidar: 
  0.847127  -0.519603  -0.111301    1.21801
  0.517853   0.854211 -0.0463906    4.85582
  0.119179 -0.0183388   0.992703  -0.029156
         0          0          0          1
T_world_lidar: 
  0.847127  -0.519603  -0.111301    1.21801
  0.517853   0.854211 -0.0463906    4.85582
  0.119179 -0.0183388   0.992703  -0.029156
         0          0          0          1
v_world_imu: -0.0370692   0.059137 0.00126562
frame_8
id: 1525
stamp: 1777101631.562710285
T_odom_lidar: 
   0.83324  -0.541804  -0.110271    1.21411
  0.539863   0.840304 -0.0493772    4.86051
  0.119414 -0.0183883   0.992674 -0.0291668
         0          0          0          1
T_world_lidar: 
   0.83324  -0.541804  -0.110271    1.21411
  0.539863   0.840304 -0.0493772    4.86051
  0.119414 -0.0183883   0.992674 -0.0291668
         0          0          0          1
v_world_imu:  -0.0348376    0.048272 0.000903915
frame_9
id: 1526
stamp: 1777101631.662161827
T_odom_lidar: 
   0.81724  -0.566015  -0.108377     1.2104
  0.563762    0.82421 -0.0533911     4.8649
  0.119546 -0.0174654   0.992675 -0.0289726
         0          0          0          1
T_world_lidar: 
   0.81724  -0.566015  -0.108377     1.2104
  0.563762    0.82421 -0.0533911     4.8649
  0.119546 -0.0174654   0.992675 -0.0289726
         0          0          0          1
v_world_imu: -0.0346141  0.0480154 0.00279011
frame_10
id: 1527
stamp: 1777101631.762075663
T_odom_lidar: 
  0.800558   -0.58967  -0.106752    1.20653
  0.587153   0.807465  -0.057023    4.86948
  0.119823 -0.0170294   0.992649 -0.0288353
         0          0          0          1
T_world_lidar: 
  0.800558   -0.58967  -0.106752    1.20653
  0.587153   0.807465  -0.057023    4.86948
  0.119823 -0.0170294   0.992649 -0.0288353
         0          0          0          1
v_world_imu:  -0.040154  0.0481508 0.00292628
frame_11
id: 1528
stamp: 1777101631.862176418
T_odom_lidar: 
   0.78056  -0.616131  -0.105397    1.20117
  0.613421   0.787448 -0.0603381    4.87471
  0.120171 -0.0175553   0.992598  -0.028728
         0          0          0          1
T_world_lidar: 
   0.78056  -0.616131  -0.105397    1.20117
  0.613421   0.787448 -0.0603381    4.87471
  0.120171 -0.0175553   0.992598  -0.028728
         0          0          0          1
v_world_imu: -0.0494628  0.0568667 0.00349578
frame_12
id: 1529
stamp: 1777101631.962054491
T_odom_lidar: 
  0.759205  -0.642608  -0.103261    1.19576
  0.639727   0.765985 -0.0633692    4.88032
  0.119818 -0.0179485   0.992634 -0.0285297
         0          0          0          1
T_world_lidar: 
  0.759205  -0.642608  -0.103261    1.19576
  0.639727   0.765985 -0.0633692    4.88032
  0.119818 -0.0179485   0.992634 -0.0285297
         0          0          0          1
v_world_imu:  -0.0551715   0.0617721 0.000331936
frame_13
id: 1530
stamp: 1777101632.062325954
T_odom_lidar: 
  0.734718  -0.670898   -0.10043    1.19007
  0.667776   0.741336  -0.067048      4.886
  0.119435 -0.0178033   0.992682 -0.0283701
         0          0          0          1
T_world_lidar: 
  0.734718  -0.670898   -0.10043    1.19007
  0.667776   0.741336  -0.067048      4.886
  0.119435 -0.0178033   0.992682 -0.0283701
         0          0          0          1
v_world_imu: -0.0569588  0.0613515 -6.346e-05
frame_14
id: 1531
stamp: 1777101632.162105799
T_odom_lidar: 
  0.707757  -0.699691 -0.0975301    1.18344
  0.696314   0.714226 -0.0709109    4.89148
  0.119274 -0.0177238   0.992703 -0.0281686
         0          0          0          1
T_world_lidar: 
  0.707757  -0.699691 -0.0975301    1.18344
  0.696314   0.714226 -0.0709109    4.89148
  0.119274 -0.0177238   0.992703 -0.0281686
         0          0          0          1
v_world_imu:    -0.07137   0.0623586 0.000771462
frame_15
id: 1532
stamp: 1777101632.262247562
T_odom_lidar: 
  0.678587  -0.728391 -0.0946894    1.17576
    0.7248   0.684923 -0.0744681    4.89704
  0.119097 -0.0180977   0.992718 -0.0279407
         0          0          0          1
T_world_lidar: 
  0.678587  -0.728391 -0.0946894    1.17576
    0.7248   0.684923 -0.0744681    4.89704
  0.119097 -0.0180977   0.992718 -0.0279407
         0          0          0          1
v_world_imu: -0.0766904  0.0603854 0.00224921
frame_16
id: 1533
stamp: 1777101632.362068892
T_odom_lidar: 
  0.650239   -0.75415 -0.0919034    1.16817
   0.75042   0.656434 -0.0772247    4.90239
  0.118568 -0.0187516   0.992769 -0.0278191
         0          0          0          1
T_world_lidar: 
  0.650239   -0.75415 -0.0919034    1.16817
   0.75042   0.656434 -0.0772247    4.90239
  0.118568 -0.0187516   0.992769 -0.0278191
         0          0          0          1
v_world_imu: -0.0722703  0.0547922 0.00105937
frame_17
id: 1534
stamp: 1777101632.462325096
T_odom_lidar: 
  0.626676  -0.774114 -0.0895784    1.16143
  0.770244   0.632758 -0.0796322    4.90685
  0.118326 -0.0190936   0.992791 -0.0280689
         0          0          0          1
T_world_lidar: 
  0.626676  -0.774114 -0.0895784    1.16143
  0.770244   0.632758 -0.0796322    4.90685
  0.118326 -0.0190936   0.992791 -0.0280689
         0          0          0          1
v_world_imu: -0.0621717  0.0379504 0.00371492
frame_18
id: 1535
stamp: 1777101632.562228441
T_odom_lidar: 
  0.610319  -0.787154  -0.088882     1.1573
  0.783252   0.616424 -0.0808561    4.90921
  0.118435  -0.020269   0.992755 -0.0279049
         0          0          0          1
T_world_lidar: 
  0.610319  -0.787154  -0.088882     1.1573
  0.783252   0.616424 -0.0808561    4.90921
  0.118435  -0.020269   0.992755 -0.0279049
         0          0          0          1
v_world_imu:  0.00257336   0.0322649 0.000956722
frame_19
id: 1536
stamp: 1777101632.662189960
T_odom_lidar: 
  0.603757  -0.792786  -0.083476    1.15902
  0.788756   0.609274  -0.081543    4.91244
  0.115506   -0.01661   0.993168 -0.0275952
         0          0          0          1
T_world_lidar: 
  0.603757  -0.792786  -0.083476    1.15902
  0.788756   0.609274  -0.081543    4.91244
  0.115506   -0.01661   0.993168 -0.0275952
         0          0          0          1
v_world_imu: -0.0309667  0.0399157 -0.0011079
frame_20
id: 1537
stamp: 1777101632.762094021
T_odom_lidar: 
  0.596705  -0.798095 -0.0835919      1.155
  0.794167   0.602263 -0.0811051    4.91446
  0.115074 -0.0179901   0.993194 -0.0275198
         0          0          0          1
T_world_lidar: 
  0.596705  -0.798095 -0.0835919      1.155
  0.794167   0.602263 -0.0811051    4.91446
  0.115074 -0.0179901   0.993194 -0.0275198
         0          0          0          1
v_world_imu: -0.0361553 -0.0130367 0.00508289
frame_21
id: 1538
stamp: 1777101632.862069130
T_odom_lidar: 
  0.596406  -0.798411  -0.082705    1.15564
   0.79438   0.601877 -0.0818819    4.91443
  0.115154 -0.0168643   0.993205 -0.0274457
         0          0          0          1
T_world_lidar: 
  0.596406  -0.798411  -0.082705    1.15564
   0.79438   0.601877 -0.0818819    4.91443
  0.115154 -0.0168643   0.993205 -0.0274457
         0          0          0          1
v_world_imu:   0.0268939   0.0108606 0.000262115
frame_22
id: 1539
stamp: 1777101632.962175608
T_odom_lidar: 
  0.596391  -0.798476 -0.0821838     1.1554
  0.794459   0.601798 -0.0816937    4.91544
  0.114689 -0.0165702   0.993263 -0.0275584
         0          0          0          1
T_world_lidar: 
  0.596391  -0.798476 -0.0821838     1.1554
  0.794459   0.601798 -0.0816937    4.91544
  0.114689 -0.0165702   0.993263 -0.0275584
         0          0          0          1
v_world_imu:   -0.0219945   0.00484207 -0.000255808
frame_23
id: 1540
stamp: 1777101633.062108994
T_odom_lidar: 
  0.593964  -0.800294 -0.0820727    1.15425
  0.796321   0.599367 -0.0814412    4.91558
  0.114369  -0.016983   0.993293  -0.027668
         0          0          0          1
T_world_lidar: 
  0.593964  -0.800294 -0.0820727    1.15425
  0.796321   0.599367 -0.0814412    4.91558
  0.114369  -0.016983   0.993293  -0.027668
         0          0          0          1
v_world_imu: -0.00561278  -0.0102366  0.00235621
frame_24
id: 1541
stamp: 1777101633.162088156
T_odom_lidar: 
  0.593857  -0.800336 -0.0824353    1.15385
  0.796362   0.599303 -0.0815078    4.91516
  0.114637 -0.0172444   0.993258 -0.0276105
         0          0          0          1
T_world_lidar: 
  0.593857  -0.800336 -0.0824353    1.15385
  0.796362   0.599303 -0.0815078    4.91516
  0.114637 -0.0172444   0.993258 -0.0276105
         0          0          0          1
v_world_imu:  0.0181757 0.00356027 0.00244945
frame_25
id: 1542
stamp: 1777101633.262196541
T_odom_lidar: 
  0.595162  -0.799451 -0.0816069    1.15501
  0.795405   0.600514  -0.081936    4.91624
   0.11451 -0.0161454   0.993291 -0.0277124
         0          0          0          1
T_world_lidar: 
  0.595162  -0.799451 -0.0816069    1.15501
  0.795405   0.600514  -0.081936    4.91624
   0.11451 -0.0161454   0.993291 -0.0277124
         0          0          0          1
v_world_imu: 0.000706287 -0.00340059  0.00266012
frame_26
id: 1543
stamp: 1777101633.362171650
T_odom_lidar: 
  0.594597  -0.799811 -0.0821981     1.1549
  0.795799   0.600017 -0.0817578    4.91586
  0.114711 -0.0168002   0.993257 -0.0289627
         0          0          0          1
T_world_lidar: 
  0.594597  -0.799811 -0.0821981     1.1549
  0.795799   0.600017 -0.0817578    4.91586
  0.114711 -0.0168002   0.993257 -0.0289627
         0          0          0          1
v_world_imu: -0.00552017 -0.00580808  0.00260345
frame_27
id: 1544
stamp: 1777101633.462121010
T_odom_lidar: 
  0.597269  -0.797932 -0.0810758    1.15466
  0.793794   0.602559 -0.0825474    4.91394
   0.11472 -0.0150544   0.993284  -0.028412
         0          0          0          1
T_world_lidar: 
  0.597269  -0.797932 -0.0810758    1.15466
  0.793794   0.602559 -0.0825474    4.91394
   0.11472 -0.0150544   0.993284  -0.028412
         0          0          0          1
v_world_imu:  0.0183599 0.00155943  0.0038135
frame_28
id: 1545
stamp: 1777101633.562070608
T_odom_lidar: 
   0.60558  -0.791857 -0.0789654    1.15604
  0.787583   0.610591 -0.0830174    4.91211
  0.113953 -0.0119181   0.993415 -0.0290861
         0          0          0          1
T_world_lidar: 
   0.60558  -0.791857 -0.0789654    1.15604
  0.787583   0.610591 -0.0830174    4.91211
  0.113953 -0.0119181   0.993415 -0.0290861
         0          0          0          1
v_world_imu:  0.0118041 -0.0344889 0.00883986
frame_29
id: 1546
stamp: 1777101633.662193775
T_odom_lidar: 
  0.621888  -0.779035 -0.0797476    1.15825
  0.774734   0.626892 -0.0824198    4.90794
  0.114201 -0.0105273   0.993402 -0.0282491
         0          0          0          1
T_world_lidar: 
  0.621888  -0.779035 -0.0797476    1.15825
  0.774734   0.626892 -0.0824198    4.90794
  0.114201 -0.0105273   0.993402 -0.0282491
         0          0          0          1
v_world_imu:  0.0336724 -0.0635548 0.00909368
frame_30
id: 1547
stamp: 1777101633.762120724
T_odom_lidar: 
  0.638972  -0.764835 -0.0821082    1.16032
  0.760519   0.644146 -0.0817751    4.90153
  0.115434 -0.0101929   0.993263 -0.0275939
         0          0          0          1
T_world_lidar: 
  0.638972  -0.764835 -0.0821082    1.16032
  0.760519   0.644146 -0.0817751    4.90153
  0.115434 -0.0101929   0.993263 -0.0275939
         0          0          0          1
v_world_imu:  0.0235625 -0.0337166 0.00168822
frame_31
id: 1548
stamp: 1777101633.862263441
T_odom_lidar: 
  0.652633  -0.752899 -0.0849298    1.16195
   0.74889    0.65802 -0.0785682     4.8986
  0.115039 -0.0123269   0.993284 -0.0274778
         0          0          0          1
T_world_lidar: 
  0.652633  -0.752899 -0.0849298    1.16195
   0.74889    0.65802 -0.0785682     4.8986
  0.115039 -0.0123269   0.993284 -0.0274778
         0          0          0          1
v_world_imu:  0.0376939 -0.0545785 0.00338118
frame_32
id: 1549
stamp: 1777101633.962131739
T_odom_lidar: 
  0.670234  -0.737064 -0.0867307    1.16773
  0.733237   0.675705 -0.0760692    4.89532
  0.114672   -0.01261   0.993323  -0.027379
         0          0          0          1
T_world_lidar: 
  0.670234  -0.737064 -0.0867307    1.16773
  0.733237   0.675705 -0.0760692    4.89532
  0.114672   -0.01261   0.993323  -0.027379
         0          0          0          1
v_world_imu:  0.0823263 -0.0432954 0.00329183
frame_33
id: 1550
stamp: 1777101634.062225580
T_odom_lidar: 
  0.688849  -0.719462 -0.0886624    1.17259
  0.715807   0.694413 -0.0735519    4.89149
  0.114486 -0.0127991   0.993342 -0.0272505
         0          0          0          1
T_world_lidar: 
  0.688849  -0.719462 -0.0886624    1.17259
  0.715807   0.694413 -0.0735519    4.89149
  0.114486 -0.0127991   0.993342 -0.0272505
         0          0          0          1
v_world_imu:   0.0229313  -0.0385349 0.000198918
frame_34
id: 1551
stamp: 1777101634.162228346
T_odom_lidar: 
  0.708714  -0.699608 -0.0909584    1.17678
  0.696197   0.714399 -0.0703058    4.88864
  0.114167 -0.0134983    0.99337 -0.0272125
         0          0          0          1
T_world_lidar: 
  0.708714  -0.699608 -0.0909584    1.17678
  0.696197   0.714399 -0.0703058    4.88864
  0.114167 -0.0134983    0.99337 -0.0272125
         0          0          0          1
v_world_imu:  0.0636234  -0.033357 0.00221791
frame_35
id: 1552
stamp: 1777101634.262186289
T_odom_lidar: 
  0.729213  -0.678046 -0.0922066    1.18309
  0.674784   0.734907 -0.0676614    4.88446
  0.113641   -0.01288   0.993438 -0.0270596
         0          0          0          1
T_world_lidar: 
  0.729213  -0.678046 -0.0922066    1.18309
  0.674784   0.734907 -0.0676614    4.88446
  0.113641   -0.01288   0.993438 -0.0270596
         0          0          0          1
v_world_imu:  0.0585951 -0.0579617 0.00184467
frame_36
id: 1553
stamp: 1777101634.362179756
T_odom_lidar: 
  0.747676  -0.657386  -0.093936    1.18779
  0.654295   0.753444 -0.0649698    4.88079
  0.113486 -0.0128855   0.993456 -0.0270623
         0          0          0          1
T_world_lidar: 
  0.747676  -0.657386  -0.093936    1.18779
  0.654295   0.753444 -0.0649698    4.88079
  0.113486 -0.0128855   0.993456 -0.0270623
         0          0          0          1
v_world_imu:  0.0537328 -0.0322747 0.00055265
frame_37
id: 1554
stamp: 1777101634.462196589
T_odom_lidar: 
  0.767387  -0.634002 -0.0957072    1.19303
    0.6311   0.773225 -0.0619383    4.87776
  0.113272 -0.0128702   0.993481 -0.0270508
         0          0          0          1
T_world_lidar: 
  0.767387  -0.634002 -0.0957072    1.19303
    0.6311   0.773225 -0.0619383    4.87776
  0.113272 -0.0128702   0.993481 -0.0270508
         0          0          0          1
v_world_imu:  0.0513353 -0.0436768 0.00275117
frame_38
id: 1555
stamp: 1777101634.562256098
T_odom_lidar: 
  0.788707  -0.607016 -0.0973297    1.19883
  0.604258   0.794595  -0.059075    4.87321
  0.113197 -0.0122194   0.993497 -0.0269345
         0          0          0          1
T_world_lidar: 
  0.788707  -0.607016 -0.0973297    1.19883
  0.604258   0.794595  -0.059075    4.87321
  0.113197 -0.0122194   0.993497 -0.0269345
         0          0          0          1
v_world_imu:  0.0629077 -0.0493158 0.00238589
frame_39
id: 1556
stamp: 1777101634.662259340
T_odom_lidar: 
  0.808771  -0.579743 -0.0989357    1.20472
  0.577165   0.814713 -0.0558934    4.86848
  0.113008 -0.0118973   0.993523 -0.0267092
         0          0          0          1
T_world_lidar: 
  0.808771  -0.579743 -0.0989357    1.20472
  0.577165   0.814713 -0.0558934    4.86848
  0.113008 -0.0118973   0.993523 -0.0267092
         0          0          0          1
v_world_imu:  0.0445214 -0.0449361 0.00158464
frame_40
id: 1557
stamp: 1777101634.762200117
T_odom_lidar: 
  0.823138   -0.55907 -0.0994166    1.20987
  0.556625   0.829043 -0.0534484     4.8644
  0.112302 -0.0113424   0.993609 -0.0268323
         0          0          0          1
T_world_lidar: 
  0.823138   -0.55907 -0.0994166    1.20987
  0.556625   0.829043 -0.0534484     4.8644
  0.112302 -0.0113424   0.993609 -0.0268323
         0          0          0          1
v_world_imu:  0.0294174 -0.0798752 0.00446396
frame_41
id: 1558
stamp: 1777101634.862173319
T_odom_lidar: 
  0.827964  -0.551646  -0.100806    1.20843
  0.549372   0.833982 -0.0516128    4.86434
  0.112542 -0.0126462   0.993566 -0.0270723
         0          0          0          1
T_world_lidar: 
  0.827964  -0.551646  -0.100806    1.20843
  0.549372   0.833982 -0.0516128    4.86434
  0.112542 -0.0126462   0.993566 -0.0270723
         0          0          0          1
v_world_imu: -0.00127115 -0.00746733 -0.00117795
frame_42
id: 1559
stamp: 1777101634.962177753
T_odom_lidar: 
  0.830551  -0.547716   -0.10096    1.20763
  0.545361   0.836581 -0.0520907     4.8628
  0.112992 -0.0117957   0.993526 -0.0272036
         0          0          0          1
T_world_lidar: 
  0.830551  -0.547716   -0.10096    1.20763
  0.545361   0.836581 -0.0520907     4.8628
  0.112992 -0.0117957   0.993526 -0.0272036
         0          0          0          1
v_world_imu:   0.0189912   -0.015943 0.000884072
frame_43
id: 1560
stamp: 1777101635.062153339
T_odom_lidar: 
  0.829619  -0.549306 -0.0999796    1.20901
   0.54699   0.835539 -0.0517455    4.86438
  0.111961 -0.0117588   0.993643 -0.0273392
         0          0          0          1
T_world_lidar: 
  0.829619  -0.549306 -0.0999796    1.20901
   0.54699   0.835539 -0.0517455    4.86438
  0.111961 -0.0117588   0.993643 -0.0273392
         0          0          0          1
v_world_imu:  -0.0106333   0.0241822 -0.00222169
frame_44
id: 1561
stamp: 1777101635.162238359
T_odom_lidar: 
  0.832474  -0.544963  -0.100009    1.20777
  0.542554   0.838391 -0.0522949    4.86418
  0.112346 -0.0107263   0.993611 -0.0273447
         0          0          0          1
T_world_lidar: 
  0.832474  -0.544963  -0.100009    1.20777
  0.542554   0.838391 -0.0522949    4.86418
  0.112346 -0.0107263   0.993611 -0.0273447
         0          0          0          1
v_world_imu:  0.0140446 -0.0314803  0.0104997
frame_45
id: 1562
stamp: 1777101635.262178898
T_odom_lidar: 
   0.835746   -0.539816   -0.100633     1.20866
   0.537294    0.841726  -0.0530271     4.86009
    0.11333 -0.00975233    0.993509  -0.0267428
          0           0           0           1
T_world_lidar: 
   0.835746   -0.539816   -0.100633     1.20866
   0.537294    0.841726  -0.0530271     4.86009
    0.11333 -0.00975233    0.993509  -0.0267428
          0           0           0           1
v_world_imu:  0.0318113 -0.0430261 0.00125777
frame_46
id: 1563
stamp: 1777101635.362264395
T_odom_lidar: 
   0.837836   -0.536779  -0.0994979     1.20998
   0.534126    0.843685  -0.0538968     4.85774
   0.112876 -0.00798774    0.993577  -0.0267132
          0           0           0           1
T_world_lidar: 
   0.837836   -0.536779  -0.0994979     1.20998
   0.534126    0.843685  -0.0538968     4.85774
   0.112876 -0.00798774    0.993577  -0.0267132
          0           0           0           1
v_world_imu:  -0.0228136   0.0185814 -0.00800966
frame_47
id: 1564
stamp: 1777101635.462230682
T_odom_lidar: 
  0.836274  -0.538992  -0.100668    1.20494
  0.536776   0.842225 -0.0502756    4.86221
  0.111883  -0.011992   0.993649 -0.0275257
         0          0          0          1
T_world_lidar: 
  0.836274  -0.538992  -0.100668    1.20494
  0.536776   0.842225 -0.0502756    4.86221
  0.111883  -0.011992   0.993649 -0.0275257
         0          0          0          1
v_world_imu:  0.0225017  0.0219358 -0.0075466
frame_48
id: 1565
stamp: 1777101635.562344074
T_odom_lidar: 
  0.836725  -0.538596 -0.0990281    1.20943
  0.536269     0.8425 -0.0510707    4.86199
  0.110938 -0.0103737   0.993773 -0.0274881
         0          0          0          1
T_world_lidar: 
  0.836725  -0.538596 -0.0990281    1.20943
  0.536269     0.8425 -0.0510707    4.86199
  0.110938 -0.0103737   0.993773 -0.0274881
         0          0          0          1
v_world_imu:  0.0288696 -0.0448895 0.00571095
frame_49
id: 1566
stamp: 1777101635.662247896
T_odom_lidar: 
  0.836489  -0.538508  -0.101463    1.20614
  0.536265   0.842533 -0.0505719    4.86089
  0.112719 -0.0121083   0.993553 -0.0274807
         0          0          0          1
T_world_lidar: 
  0.836489  -0.538508  -0.101463    1.20614
  0.536265   0.842533 -0.0505719    4.86089
  0.112719 -0.0121083   0.993553 -0.0274807
         0          0          0          1
v_world_imu: -0.00899285   0.0109365 -0.00572484
frame_50
id: 1567
stamp: 1777101635.762376070
T_odom_lidar: 
  0.836147  -0.539358 -0.0997546      1.208
  0.537099   0.842001 -0.0505828    4.86301
  0.111276 -0.0112835   0.993726 -0.0278539
         0          0          0          1
T_world_lidar: 
  0.836147  -0.539358 -0.0997546      1.208
  0.537099   0.842001 -0.0505828    4.86301
  0.111276 -0.0112835   0.993726 -0.0278539
         0          0          0          1
v_world_imu:    0.015453 -0.00314157 -0.00219385
frame_51
id: 1568
stamp: 1777101635.862267494
T_odom_lidar: 
  0.836286  -0.538874  -0.101199    1.20647
    0.5366   0.842304  -0.050838    4.86124
  0.112635 -0.0117881   0.993566  -0.027722
         0          0          0          1
T_world_lidar: 
  0.836286  -0.538874  -0.101199    1.20647
    0.5366   0.842304  -0.050838    4.86124
  0.112635 -0.0117881   0.993566  -0.027722
         0          0          0          1
v_world_imu: -0.0060446 -0.0218188 0.00181174
frame_52
id: 1569
stamp: 1777101635.962260962
T_odom_lidar: 
  0.836488  -0.538724  -0.100318    1.20768
   0.53639   0.842411 -0.0512723    4.86134
  0.112131 -0.0109211   0.993633 -0.0277515
         0          0          0          1
T_world_lidar: 
  0.836488  -0.538724  -0.100318    1.20768
   0.53639   0.842411 -0.0512723    4.86134
  0.112131 -0.0109211   0.993633 -0.0277515
         0          0          0          1
v_world_imu:    0.003918   0.0168972 -0.00266525
frame_53
id: 1570
stamp: 1777101636.062374353
T_odom_lidar: 
  0.835941  -0.539498  -0.100722    1.20632
  0.537236   0.841905 -0.0507171    4.86158
   0.11216 -0.0117151   0.993621 -0.0278584
         0          0          0          1
T_world_lidar: 
  0.835941  -0.539498  -0.100722    1.20632
  0.537236   0.841905 -0.0507171    4.86158
   0.11216 -0.0117151   0.993621 -0.0278584
         0          0          0          1
v_world_imu: -0.0055805 -0.0158749 0.00173119
frame_54
id: 1571
stamp: 1777101636.162314415
T_odom_lidar: 
  0.836793   -0.53828  -0.100159    1.20457
  0.535947   0.842696   -0.05122    4.85878
  0.111974 -0.0108194   0.993652 -0.0276873
         0          0          0          1
T_world_lidar: 
  0.836793   -0.53828  -0.100159    1.20457
  0.535947   0.842696   -0.05122    4.85878
  0.111974 -0.0108194   0.993652 -0.0276873
         0          0          0          1
v_world_imu:   -0.06776 -0.0324982 0.00348558
frame_55
id: 1572
stamp: 1777101636.262299776
T_odom_lidar: 
  0.837316  -0.537544 -0.0997376    1.19698
  0.535296   0.843161 -0.0503737    4.85511
  0.111173 -0.0112104   0.993738 -0.0276735
         0          0          0          1
T_world_lidar: 
  0.837316  -0.537544 -0.0997376    1.19698
  0.535296   0.843161 -0.0503737    4.85511
  0.111173 -0.0112104   0.993738 -0.0276735
         0          0          0          1
v_world_imu:   -0.105083  -0.0415929 -0.00145379
frame_56
id: 1573
stamp: 1777101636.362384558
T_odom_lidar: 
  0.837747  -0.536689  -0.100724    1.18532
  0.534579   0.843686 -0.0491906    4.84921
  0.111379 -0.0126355   0.993698 -0.0276155
         0          0          0          1
T_world_lidar: 
  0.837747  -0.536689  -0.100724    1.18532
  0.534579   0.843686 -0.0491906    4.84921
  0.111379 -0.0126355   0.993698 -0.0276155
         0          0          0          1
v_world_imu:  -0.0943437  -0.0671267 0.000616284
frame_57
id: 1574
stamp: 1777101636.462367535
T_odom_lidar: 
  0.838701  -0.535329  -0.100017    1.17287
  0.533258   0.844551 -0.0486717    4.84204
  0.110524 -0.0125137   0.993795 -0.0276299
         0          0          0          1
T_world_lidar: 
  0.838701  -0.535329  -0.100017    1.17287
  0.533258   0.844551 -0.0486717    4.84204
  0.110524 -0.0125137   0.993795 -0.0276299
         0          0          0          1
v_world_imu:   -0.173033  -0.0799271 0.000599328
frame_58
id: 1575
stamp: 1777101636.562270641
T_odom_lidar: 
  0.838935  -0.534868  -0.100521    1.15448
   0.53289   0.844829 -0.0478702    4.83287
  0.110527 -0.0134065   0.993783 -0.0276888
         0          0          0          1
T_world_lidar: 
  0.838935  -0.534868  -0.100521    1.15448
   0.53289   0.844829 -0.0478702    4.83287
  0.110527 -0.0134065   0.993783 -0.0276888
         0          0          0          1
v_world_imu: -0.176516  -0.10204 0.0017981
frame_59
id: 1576
stamp: 1777101636.662315607
T_odom_lidar: 
  0.840487  -0.532426  -0.100519    1.13905
  0.530453   0.846373   -0.04768     4.8231
  0.110463 -0.0132462   0.993792 -0.0275178
         0          0          0          1
T_world_lidar: 
  0.840487  -0.532426  -0.100519    1.13905
  0.530453   0.846373   -0.04768     4.8231
  0.110463 -0.0132462   0.993792 -0.0275178
         0          0          0          1
v_world_imu:   -0.131174  -0.0905256 0.000685372
frame_60
id: 1577
stamp: 1777101636.762347221
T_odom_lidar: 
  0.840817  -0.532086  -0.099559    1.12307
  0.530214   0.846581 -0.0466186     4.8154
   0.10909 -0.0135899   0.993939 -0.0275974
         0          0          0          1
T_world_lidar: 
  0.840817  -0.532086  -0.099559    1.12307
  0.530214   0.846581 -0.0466186     4.8154
   0.10909 -0.0135899   0.993939 -0.0275974
         0          0          0          1
v_world_imu:    -0.179323    -0.071931 -5.27344e-05
frame_61
id: 1578
stamp: 1777101636.862304211
T_odom_lidar: 
  0.841317  -0.531245 -0.0998196    1.10423
  0.529518    0.84709 -0.0452728    4.80587
  0.108607 -0.0147675   0.993975 -0.0287804
         0          0          0          1
T_world_lidar: 
  0.841317  -0.531245 -0.0998196    1.10423
  0.529518    0.84709 -0.0452728    4.80587
  0.108607 -0.0147675   0.993975 -0.0287804
         0          0          0          1
v_world_imu:  -0.198618   -0.11643 0.00278541
frame_62
id: 1579
stamp: 1777101636.962456465
T_odom_lidar: 
  0.843147  -0.528342 -0.0997896    1.08614
  0.526587   0.848911 -0.0453448    4.79462
   0.10867 -0.0143156   0.993975 -0.0286145
         0          0          0          1
T_world_lidar: 
  0.843147  -0.528342 -0.0997896    1.08614
  0.526587   0.848911 -0.0453448    4.79462
   0.10867 -0.0143156   0.993975 -0.0286145
         0          0          0          1
v_world_imu:  -0.185505 -0.0946986  0.0017144
frame_63
id: 1580
stamp: 1777101637.062420130
T_odom_lidar: 
  0.843743  -0.527362 -0.0999406    1.06589
  0.525767   0.849499 -0.0438358    4.78543
  0.108017 -0.0155593   0.994027 -0.0287895
         0          0          0          1
T_world_lidar: 
  0.843743  -0.527362 -0.0999406    1.06589
  0.525767   0.849499 -0.0438358    4.78543
  0.108017 -0.0155593   0.994027 -0.0287895
         0          0          0          1
v_world_imu:   -0.203495  -0.0976422 -0.00377325
frame_64
id: 1581
stamp: 1777101637.162376404
T_odom_lidar: 
  0.845535  -0.524488 -0.0999165    1.04604
  0.522949   0.851272 -0.0431348    4.77428
   0.10768 -0.0157792    0.99406  -0.028891
         0          0          0          1
T_world_lidar: 
  0.845535  -0.524488 -0.0999165    1.04604
  0.522949   0.851272 -0.0431348    4.77428
   0.10768 -0.0157792    0.99406  -0.028891
         0          0          0          1
v_world_imu:  -0.205946  -0.117757 0.00252972
frame_65
id: 1582
stamp: 1777101637.262301922
T_odom_lidar: 
  0.847043  -0.521956  -0.100405    1.02537
  0.520475   0.852818 -0.0425092    4.76338
  0.107815 -0.0162513   0.994038 -0.0289458
         0          0          0          1
T_world_lidar: 
  0.847043  -0.521956  -0.100405    1.02537
  0.520475   0.852818 -0.0425092    4.76338
  0.107815 -0.0162513   0.994038 -0.0289458
         0          0          0          1
v_world_imu:  -0.210455 -0.0950847 -0.0034348
frame_66
id: 1583
stamp: 1777101637.362459660
T_odom_lidar: 
  0.847658  -0.520802  -0.101194    1.00479
  0.519561    0.85348 -0.0403599    4.75434
  0.107387 -0.0183652   0.994048 -0.0292289
         0          0          0          1
T_world_lidar: 
  0.847658  -0.520802  -0.101194    1.00479
  0.519561    0.85348 -0.0403599    4.75434
  0.107387 -0.0183652   0.994048 -0.0292289
         0          0          0          1
v_world_imu:  -0.169525 -0.0939883 -0.0045913
frame_67
id: 1584
stamp: 1777101637.462489605
T_odom_lidar: 
   0.84942  -0.517908  -0.101272   0.986747
  0.516676   0.855241 -0.0401014    4.74471
  0.107381 -0.0182618    0.99405 -0.0292923
         0          0          0          1
T_world_lidar: 
   0.84942  -0.517908  -0.101272   0.986747
  0.516676   0.855241 -0.0401014    4.74471
  0.107381 -0.0182618    0.99405 -0.0292923
         0          0          0          1
v_world_imu:   -0.202707  -0.0965058 0.000946772
frame_68
id: 1585
stamp: 1777101637.562480450
T_odom_lidar: 
  0.850063  -0.516798  -0.101552   0.966873
  0.515636     0.8559 -0.0394306    4.73524
  0.107296 -0.0188455   0.994048 -0.0294815
         0          0          0          1
T_world_lidar: 
  0.850063  -0.516798  -0.101552   0.966873
  0.515636     0.8559 -0.0394306    4.73524
  0.107296 -0.0188455   0.994048 -0.0294815
         0          0          0          1
v_world_imu:   -0.204057  -0.0939198 -0.00483835
frame_69
id: 1586
stamp: 1777101637.662508965
T_odom_lidar: 
  0.851262  -0.514776  -0.101783   0.947407
   0.51366   0.857111 -0.0389147    4.72543
  0.107271 -0.0191552   0.994045 -0.0298105
         0          0          0          1
T_world_lidar: 
  0.851262  -0.514776  -0.101783   0.947407
   0.51366   0.857111 -0.0389147    4.72543
  0.107271 -0.0191552   0.994045 -0.0298105
         0          0          0          1
v_world_imu:   -0.180085   -0.106137 -0.00176164
frame_70
id: 1587
stamp: 1777101637.762443542
T_odom_lidar: 
  0.853991  -0.510348  -0.101212   0.928132
  0.509158   0.859779 -0.0392167    4.71437
  0.107034 -0.0180422   0.994092  -0.030103
         0          0          0          1
T_world_lidar: 
  0.853991  -0.510348  -0.101212   0.928132
  0.509158   0.859779 -0.0392167    4.71437
  0.107034 -0.0180422   0.994092  -0.030103
         0          0          0          1
v_world_imu:    -0.21863   -0.114736 -0.00521288
frame_71
id: 1588
stamp: 1777101637.862375259
T_odom_lidar: 
  0.856128   -0.50671  -0.101441   0.905383
  0.505518   0.861932 -0.0390462    4.70244
   0.10722 -0.0178518   0.994075 -0.0305357
         0          0          0          1
T_world_lidar: 
  0.856128   -0.50671  -0.101441   0.905383
  0.505518   0.861932 -0.0390462    4.70244
   0.10722 -0.0178518   0.994075 -0.0305357
         0          0          0          1
v_world_imu:  -0.222178  -0.130239 0.00155129
frame_72
id: 1589
stamp: 1777101637.962461948
T_odom_lidar: 
   0.86085  -0.498578  -0.101766   0.882127
  0.497419   0.866665 -0.0382938    4.68976
  0.107289  -0.017655   0.994071 -0.0303853
         0          0          0          1
T_world_lidar: 
   0.86085  -0.498578  -0.101766   0.882127
  0.497419   0.866665 -0.0382938    4.68976
  0.107289  -0.017655   0.994071 -0.0303853
         0          0          0          1
v_world_imu:  -0.255669  -0.115309 0.00135212
frame_73
id: 1590
stamp: 1777101638.062348366
T_odom_lidar: 
  0.870502  -0.481014  -0.104174   0.858723
  0.480135   0.876495 -0.0350214    4.67558
  0.108154 -0.0195313   0.993942 -0.0298778
         0          0          0          1
T_world_lidar: 
  0.870502  -0.481014  -0.104174   0.858723
  0.480135   0.876495 -0.0350214    4.67558
  0.108154 -0.0195313   0.993942 -0.0298778
         0          0          0          1
v_world_imu: -0.194918 -0.161883 0.0078722
frame_74
id: 1591
stamp: 1777101638.162372828
T_odom_lidar: 
  0.883457  -0.456551  -0.105187   0.839153
  0.455885   0.889474 -0.0317084    4.65939
  0.108038 -0.0199402   0.993947  -0.029177
         0          0          0          1
T_world_lidar: 
  0.883457  -0.456551  -0.105187   0.839153
  0.455885   0.889474 -0.0317084    4.65939
  0.108038 -0.0199402   0.993947  -0.029177
         0          0          0          1
v_world_imu:  -0.215825  -0.159649 0.00687252
frame_75
id: 1592
stamp: 1777101638.262493372
T_odom_lidar: 
  0.894491  -0.434314  -0.106096   0.818248
  0.434013   0.900498 -0.0271266    4.64601
  0.107321 -0.0217827   0.993986 -0.0290552
         0          0          0          1
T_world_lidar: 
  0.894491  -0.434314  -0.106096   0.818248
  0.434013   0.900498 -0.0271266    4.64601
  0.107321 -0.0217827   0.993986 -0.0290552
         0          0          0          1
v_world_imu: -0.209113 -0.142004  0.002287
frame_76
id: 1593
stamp: 1777101638.362518311
T_odom_lidar: 
   0.90489   -0.41192  -0.107222   0.798385
   0.41177   0.910957 -0.0245698    4.63109
  0.107796 -0.0219179   0.993931 -0.0286359
         0          0          0          1
T_world_lidar: 
   0.90489   -0.41192  -0.107222   0.798385
   0.41177   0.910957 -0.0245698    4.63109
  0.107796 -0.0219179   0.993931 -0.0286359
         0          0          0          1
v_world_imu:  -0.184644  -0.167173 0.00266581
frame_77
id: 1594
stamp: 1777101638.462544680
T_odom_lidar: 
  0.915157  -0.388332  -0.108098    0.77958
  0.388256   0.921274 -0.0226195    4.61642
  0.108372 -0.0212694   0.993883 -0.0283393
         0          0          0          1
T_world_lidar: 
  0.915157  -0.388332  -0.108098    0.77958
  0.388256   0.921274 -0.0226195    4.61642
  0.108372 -0.0212694   0.993883 -0.0283393
         0          0          0          1
v_world_imu:  -0.187313   -0.14532 0.00181061
frame_78
id: 1595
stamp: 1777101638.562449455
T_odom_lidar: 
  0.922311  -0.370999  -0.108176   0.759216
  0.370872   0.928423 -0.0220422    4.60276
  0.108611 -0.0197898   0.993887 -0.0282222
         0          0          0          1
T_world_lidar: 
  0.922311  -0.370999  -0.108176   0.759216
  0.370872   0.928423 -0.0220422    4.60276
  0.108611 -0.0197898   0.993887 -0.0282222
         0          0          0          1
v_world_imu:    -0.194555    -0.122494 -0.000499358
frame_79
id: 1596
stamp: 1777101638.662553549
T_odom_lidar: 
  0.925428  -0.363195  -0.108037   0.736641
  0.362953   0.931533 -0.0225955    4.59235
  0.108847 -0.0183019    0.99389 -0.0281192
         0          0          0          1
T_world_lidar: 
  0.925428  -0.363195  -0.108037   0.736641
  0.362953   0.931533 -0.0225955    4.59235
  0.108847 -0.0183019    0.99389 -0.0281192
         0          0          0          1
v_world_imu:  -0.252197 -0.0819231 0.00233322
frame_80
id: 1597
stamp: 1777101638.762571335
T_odom_lidar: 
   0.92787  -0.356929  -0.107979   0.711319
  0.356666   0.933963 -0.0224016    4.58333
  0.108845 -0.0177268   0.993901 -0.0279864
         0          0          0          1
T_world_lidar: 
   0.92787  -0.356929  -0.107979   0.711319
  0.356666   0.933963 -0.0224016    4.58333
  0.108845 -0.0177268   0.993901 -0.0279864
         0          0          0          1
v_world_imu:  -0.265229  -0.104304 0.00497382
frame_81
id: 1598
stamp: 1777101638.862475157
T_odom_lidar: 
  0.930688  -0.349196  -0.109001   0.684094
  0.349105   0.936858 -0.0205459    4.57375
  0.109293 -0.0189308   0.993829 -0.0278767
         0          0          0          1
T_world_lidar: 
  0.930688  -0.349196  -0.109001   0.684094
  0.349105   0.936858 -0.0205459    4.57375
  0.109293 -0.0189308   0.993829 -0.0278767
         0          0          0          1
v_world_imu:  -0.279762   -0.10434 0.00588342
frame_82
id: 1599
